25	1.146
26	1.189
27	1.127
28	1.103
29	1.131
30	1.095
31	1.064
32	1.076
33	1.056
34	1.052
35	1.060
36	1.099
37	1.068
38	1.048
39	1.052
40	1.048
41	1.056
42	1.091
43	1.048
44	1.052
45	1.072
46	1.068
47	1.216
48	1.064
49	1.056
50	1.150
51	1.162
52	1.088
53	1.080
54	1.072
55	1.076
56	1.064
57	1.045
58	1.048
59	1.932
60	1.627
61	1.142
62	1.154
63	1.048
64	1.048
65	1.056
66	1.060
67	1.060
68	1.052
69	1.048
70	1.056
71	1.064
72	1.048
73	1.048
74	1.052
75	1.072
76	1.099
77	1.142
78	1.803
79	1.064
80	1.048
81	1.056
82	1.048
83	1.052
84	1.056
85	1.095
86	1.127
87	1.099
88	1.060
89	1.080
90	1.076
91	1.189
92	1.064
93	1.088
94	1.119
95	1.216
96	1.431
97	1.353
98	1.220
123	1.127
124	1.111
125	1.115
126	1.099
127	1.131
128	1.103
129	1.095
130	1.068
131	1.060
132	1.095
133	1.072
134	1.131
135	1.056
136	1.052
137	1.048
138	1.052
139	1.099
140	1.048
141	1.052
142	1.052
143	1.064
144	1.162
145	1.103
146	1.064
147	1.056
148	1.052
149	1.060
150	1.048
151	1.084
152	1.076
153	1.052
154	1.045
155	1.045
156	1.048
157	1.048
158	1.095
159	1.240
160	1.064
161	1.076
162	1.072
163	1.076
164	1.080
165	1.091
166	1.060
167	1.084
168	1.052
169	1.060
170	1.072
171	1.056
172	1.107
173	1.177
174	1.064
175	1.209
176	1.724
177	1.052
178	1.064
179	1.064
180	1.068
181	1.068
182	1.080
183	1.338
184	1.263
185	1.173
186	1.091
187	1.213
188	1.088
189	1.056
190	1.084
191	1.154
192	1.216
193	1.388
194	1.373
195	1.674
196	1.576
221	1.080
222	1.076
223	1.131
224	1.119
225	1.076
226	1.103
227	1.056
228	1.072
229	1.064
230	1.068
231	1.064
232	1.064
233	1.080
234	1.052
235	1.045
236	1.052
237	1.064
238	1.048
239	1.048
240	1.045
241	1.064
242	1.318
243	1.521
244	1.056
245	1.052
246	1.048
247	1.072
248	1.068
249	1.056
250	1.048
251	1.060
252	1.060
253	1.045
254	1.076
255	1.064
256	1.048
257	1.103
258	1.048
259	1.150
260	1.205
261	1.084
262	1.076
263	1.060
264	1.076
265	1.068
266	1.056
267	1.088
268	1.088
269	1.111
270	1.119
271	1.119
272	1.377
273	1.470
274	1.502
275	1.099
276	1.060
277	1.076
278	1.060
279	1.088
280	1.095
281	1.134
282	1.146
283	1.150
284	1.072
285	1.045
286	1.068
287	1.076
288	1.084
289	1.099
290	1.275
291	1.299
292	1.162
293	1.463
294	1.427
319	1.103
320	1.084
321	1.084
322	1.084
323	1.080
324	1.060
325	1.072
326	1.052
327	1.056
328	1.060
329	1.115
330	1.056
331	1.048
332	1.056
333	1.045
334	1.068
335	1.052
336	1.056
337	1.048
338	1.052
339	1.056
340	1.060
341	1.170
342	1.209
343	1.048
344	1.045
345	1.045
346	1.076
347	1.064
348	1.056
349	1.060
350	1.072
351	1.056
352	1.080
353	1.127
354	1.060
355	1.056
356	1.060
357	1.119
358	1.084
359	1.095
360	1.048
361	1.088
362	1.084
363	1.056
364	1.060
365	1.119
366	1.181
367	1.099
368	1.134
369	1.072
370	1.807
371	1.642
372	1.271
373	1.048
374	1.052
375	1.048
376	1.103
377	1.080
378	1.201
379	1.318
380	1.127
381	1.138
382	1.072
383	1.045
384	1.045
385	1.045
386	1.138
387	1.404
388	1.357
389	1.068
390	1.193
391	1.576
392	1.361
417	1.056
418	1.127
419	1.095
420	1.045
421	1.056
422	1.095
423	1.095
424	1.107
425	1.064
426	1.099
427	1.060
428	1.060
429	1.107
430	1.064
431	1.076
432	1.068
433	1.052
434	1.048
435	1.052
436	1.048
437	1.076
438	1.111
439	1.189
440	1.056
441	1.045
442	1.060
443	1.060
444	1.068
445	1.056
446	1.045
447	1.080
448	1.060
449	1.127
450	1.060
451	1.091
452	1.072
453	1.084
454	1.099
455	1.107
456	1.088
457	1.048
458	1.091
459	1.068
460	1.052
461	1.095
462	1.064
463	1.099
464	1.064
465	1.072
466	1.173
467	1.201
468	1.205
469	1.162
470	1.150
471	1.076
472	1.048
473	1.189
474	1.302
475	1.392
476	1.181
477	1.248
478	1.146
479	1.291
480	1.256
481	1.056
482	1.048
483	1.088
484	1.279
485	1.404
486	1.369
487	1.131
488	1.345
489	1.756
490	1.795
491	1.498
492	1.193
517	1.076
518	1.048
519	1.068
520	1.064
521	1.056
522	1.064
523	1.099
524	1.095
525	1.080
526	1.091
527	1.072
528	1.052
529	1.052
530	1.048
531	1.056
532	1.088
533	1.045
534	1.045
535	1.052
536	1.052
537	1.213
538	1.119
539	1.076
540	1.068
541	1.052
542	1.045
543	1.045
544	1.060
545	1.060
546	1.052
547	1.060
548	1.048
549	1.318
550	1.131
551	1.068
552	1.068
553	1.306
554	1.162
555	1.205
556	1.103
557	1.045
558	1.088
559	1.064
560	1.095
561	1.103
562	1.088
563	1.158
564	1.142
565	1.064
566	1.154
567	1.365
568	1.131
569	1.088
570	1.084
571	1.123
572	1.189
573	1.166
574	1.181
575	1.111
576	1.283
577	1.232
578	1.412
579	1.224
580	1.193
581	1.259
582	1.084
583	1.244
584	1.279
585	1.388
586	1.451
587	1.342
588	1.650
589	1.943
590	1.853
591	1.498
592	1.275
617	1.154
618	1.064
619	1.107
620	1.052
621	1.068
622	1.076
623	1.099
624	1.076
625	1.064
626	1.060
627	1.056
628	1.056
629	1.045
630	1.045
631	1.052
632	1.060
633	1.060
634	1.052
635	1.045
636	1.056
637	1.201
638	1.080
639	1.060
640	1.045
641	1.048
642	1.056
643	1.056
644	1.052
645	1.048
646	1.056
647	1.068
648	1.056
649	1.084
650	1.099
651	1.103
652	1.240
653	2.115
654	1.185
655	1.197
656	1.084
657	1.072
658	1.111
659	1.060
660	1.064
661	1.068
662	1.091
663	1.142
664	1.068
665	1.138
666	1.416
667	1.517
668	1.279
669	1.220
670	1.088
671	1.177
672	1.080
673	1.127
674	1.095
675	1.252
676	1.494
677	1.455
678	1.744
679	1.599
680	1.639
681	1.463
682	1.635
683	1.521
684	1.517
685	1.447
686	1.295
687	1.326
688	1.592
689	1.424
690	1.443
691	1.510
692	1.287
717	1.052
718	1.056
719	1.084
720	1.068
721	1.060
722	1.084
723	1.080
724	1.119
725	1.088
726	1.099
727	1.080
728	1.060
729	1.056
730	1.103
731	1.064
732	1.048
733	1.056
734	1.056
735	1.045
736	1.048
737	1.416
738	1.213
739	1.048
740	1.048
741	1.091
742	1.048
743	1.052
744	1.064
745	1.048
746	1.052
747	1.045
748	1.080
749	1.080
750	1.068
751	1.131
752	2.045
753	1.596
754	1.064
755	1.115
756	1.080
757	1.091
758	1.088
759	1.072
760	1.072
761	1.072
762	1.103
763	1.127
764	1.091
765	1.068
766	1.103
767	1.467
768	1.439
769	1.388
770	1.248
771	1.232
772	1.310
773	1.189
774	1.377
775	1.451
776	1.506
777	1.416
778	1.627
779	1.580
780	1.580
781	1.463
782	1.767
783	1.447
784	1.482
785	1.709
786	1.549
787	1.584
788	1.705
789	1.674
790	1.662
791	1.732
792	1.494
817	1.048
818	1.064
819	1.146
820	1.045
821	1.080
822	1.048
823	1.064
824	1.107
825	1.064
826	1.064
827	1.052
828	1.052
829	1.045
830	1.048
831	1.060
832	1.080
833	1.064
834	1.052
835	1.045
836	1.201
837	1.545
838	1.076
839	1.088
840	1.189
841	1.084
842	1.095
843	1.091
844	1.064
845	1.119
846	1.048
847	1.060
848	1.060
849	1.084
850	1.068
851	1.154
852	1.842
853	1.099
854	1.048
855	1.045
856	1.068
857	1.072
858	1.072
859	1.150
860	1.084
861	1.111
862	1.244
863	1.099
864	1.107
865	1.056
866	1.162
867	1.467
868	1.463
869	1.162
870	1.205
871	1.134
872	1.240
873	1.525
874	1.334
875	1.326
876	1.615
877	1.635
878	1.685
879	1.576
880	1.596
881	1.596
882	1.826
883	1.576
884	1.107
885	1.185
886	1.381
887	1.435
888	1.330
889	1.388
890	1.459
891	1.498
892	1.521
917	1.045
918	1.111
919	1.095
920	1.119
921	1.048
922	1.115
923	1.064
924	1.064
925	1.045
926	1.048
927	1.045
928	1.052
929	1.056
930	1.052
931	1.052
932	1.048
933	1.052
934	1.048
935	1.056
936	1.048
937	1.064
938	1.131
939	1.084
940	1.068
941	1.068
942	1.170
943	1.060
944	1.099
945	1.080
946	1.127
947	1.099
948	1.099
949	1.076
950	1.154
951	1.291
952	1.111
953	1.091
954	1.084
955	1.103
956	1.060
957	1.099
958	1.088
959	1.099
960	1.103
961	1.099
962	1.091
963	1.107
964	1.127
965	1.123
966	1.138
967	1.252
968	1.240
969	1.173
970	1.279
971	1.173
972	1.275
973	1.408
974	1.365
975	1.435
976	1.517
977	1.302
978	1.490
979	1.556
980	1.494
981	1.541
982	1.678
983	1.580
984	1.627
985	1.181
986	1.216
987	1.107
988	1.045
989	1.045
990	1.142
991	1.201
992	1.361
1017	1.072
1018	1.056
1019	1.064
1020	1.076
1021	1.115
1022	1.138
1023	1.068
1024	1.127
1025	1.095
1026	1.084
1027	1.045
1028	1.045
1029	1.045
1030	1.060
1031	1.072
1032	1.080
1033	1.052
1034	1.064
1035	1.072
1036	1.048
1037	1.048
1038	1.056
1039	1.072
1040	1.170
1041	1.150
1042	1.201
1043	1.287
1044	1.177
1045	1.068
1046	1.181
1047	1.107
1048	1.134
1049	1.107
1050	1.642
1051	1.463
1052	1.170
1053	1.091
1054	1.084
1055	1.068
1056	1.056
1057	1.103
1058	1.138
1059	1.088
1060	1.088
1061	1.095
1062	1.150
1063	1.123
1064	1.166
1065	1.146
1066	1.205
1067	1.142
1068	1.154
1069	1.412
1070	1.783
1071	1.510
1072	1.459
1073	1.658
1074	1.764
1075	1.943
1076	1.771
1077	1.482
1078	1.838
1079	1.838
1080	1.873
1081	1.459
1082	1.568
1083	1.623
1084	1.685
1085	1.506
1086	1.123
1087	1.045
1088	1.045
1089	1.045
1090	1.123
1091	1.338
1092	1.803
1117	1.088
1118	1.045
1119	1.080
1120	1.064
1121	1.127
1122	1.091
1123	1.134
1124	1.123
1125	1.080
1126	1.056
1127	1.056
1128	1.060
1129	1.064
1130	1.068
1131	1.052
1132	1.056
1133	1.056
1134	1.056
1135	1.052
1136	1.076
1137	1.056
1138	1.103
1139	1.072
1140	1.060
1141	1.205
1142	1.138
1143	1.181
1144	1.138
1145	1.080
1146	1.072
1147	1.076
1148	1.068
1149	1.134
1150	1.334
1151	1.138
1152	1.056
1153	1.099
1154	1.076
1155	1.072
1156	1.064
1157	1.131
1158	1.064
1159	1.076
1160	1.134
1161	1.103
1162	1.088
1163	1.220
1164	1.181
1165	1.201
1166	1.213
1167	1.150
1168	1.283
1169	1.576
1170	1.342
1171	1.560
1172	1.506
1173	1.615
1174	1.783
1175	1.748
1176	1.682
1177	1.982
1178	1.748
1179	1.576
1180	1.642
1181	1.764
1182	1.724
1183	1.713
1184	1.299
1185	1.588
1186	1.439
1187	1.111
1188	1.045
1189	1.084
1190	1.201
1191	1.521
1192	1.502
1217	1.072
1218	1.072
1219	1.060
1220	1.111
1221	1.131
1222	1.170
1223	1.236
1224	1.205
1225	1.134
1226	1.181
1227	1.103
1228	1.099
1229	1.060
1230	1.052
1231	1.076
1232	1.056
1233	1.060
1234	1.060
1235	1.068
1236	1.123
1237	1.193
1238	1.064
1239	1.052
1240	1.076
1241	1.142
1242	1.197
1243	1.240
1244	1.228
1245	1.060
1246	1.068
1247	1.048
1248	1.052
1249	1.091
1250	1.150
1251	1.123
1252	1.060
1253	1.099
1254	1.091
1255	1.068
1256	1.115
1257	1.068
1258	1.119
1259	1.064
1260	1.091
1261	1.115
1262	1.123
1263	1.119
1264	1.248
1265	1.185
1266	1.205
1267	1.236
1268	1.146
1269	1.623
1270	1.275
1271	1.435
1272	1.263
1273	1.635
1274	1.658
1275	1.392
1276	1.662
1277	1.807
1278	1.685
1279	1.603
1280	1.560
1281	1.924
1282	1.760
1283	1.861
1284	1.642
1285	1.361
1286	1.400
1287	1.361
1288	1.185
1289	1.279
1290	1.181
1291	1.134
1292	1.373
1293	1.345
1294	1.451
1319	1.216
1320	1.123
1321	1.111
1322	1.111
1323	1.236
1324	1.213
1325	1.248
1326	1.154
1327	1.197
1328	1.150
1329	1.134
1330	1.060
1331	1.091
1332	1.060
1333	1.052
1334	1.052
1335	1.052
1336	1.056
1337	1.060
1338	1.091
1339	1.150
1340	1.107
1341	1.107
1342	1.119
1343	1.138
1344	1.091
1345	1.318
1346	1.267
1347	1.052
1348	1.056
1349	1.048
1350	1.048
1351	1.084
1352	1.154
1353	1.177
1354	1.259
1355	1.107
1356	1.072
1357	1.158
1358	1.127
1359	1.127
1360	1.064
1361	1.080
1362	1.123
1363	1.103
1364	1.068
1365	1.103
1366	1.173
1367	1.244
1368	1.201
1369	1.173
1370	1.244
1371	1.283
1372	1.279
1373	1.326
1374	1.486
1375	1.580
1376	1.463
1377	1.373
1378	1.631
1379	1.728
1380	1.560
1381	1.682
1382	1.568
1383	1.896
1384	1.943
1385	1.783
1386	1.607
1387	1.674
1388	1.439
1389	1.408
1390	1.486
1391	1.275
1392	1.127
1393	1.197
1394	1.170
1395	1.232
1396	1.283
1421	1.338
1422	1.131
1423	1.131
1424	1.154
1425	1.635
1426	1.510
1427	1.318
1428	1.314
1429	1.271
1430	1.162
1431	1.088
1432	1.060
1433	1.084
1434	1.205
1435	1.115
1436	1.072
1437	1.060
1438	1.052
1439	1.080
1440	1.127
1441	1.119
1442	1.068
1443	1.158
1444	1.103
1445	1.080
1446	1.060
1447	1.052
1448	1.052
1449	1.060
1450	1.045
1451	1.060
1452	1.134
1453	1.088
1454	1.209
1455	1.197
1456	1.127
1457	1.095
1458	1.236
1459	1.158
1460	1.088
1461	1.088
1462	1.080
1463	1.088
1464	1.095
1465	1.127
1466	1.170
1467	1.259
1468	1.111
1469	1.173
1470	1.170
1471	1.216
1472	1.181
1473	1.279
1474	1.498
1475	1.713
1476	1.459
1477	1.685
1478	1.388
1479	1.420
1480	1.521
1481	1.513
1482	1.853
1483	2.010
1484	1.431
1485	1.834
1486	1.826
1487	1.920
1488	1.670
1489	1.639
1490	1.517
1491	1.682
1492	1.373
1493	1.724
1494	1.244
1495	1.201
1496	1.213
1497	1.166
1498	1.275
1523	1.201
1524	1.197
1525	1.119
1526	1.123
1527	1.115
1528	1.240
1529	1.150
1530	1.349
1531	1.502
1532	1.431
1533	1.224
1534	1.076
1535	1.338
1536	1.271
1537	1.076
1538	1.064
1539	1.064
1540	1.048
1541	1.177
1542	1.068
1543	1.107
1544	1.103
1545	1.052
1546	1.091
1547	1.056
1548	1.060
1549	1.056
1550	1.052
1551	1.127
1552	1.119
1553	1.048
1554	1.224
1555	1.377
1556	1.107
1557	1.443
1558	1.127
1559	1.119
1560	1.115
1561	1.123
1562	1.080
1563	1.068
1564	1.107
1565	1.095
1566	1.119
1567	1.127
1568	1.252
1569	1.326
1570	1.365
1571	1.279
1572	1.123
1573	1.150
1574	1.154
1575	1.209
1576	1.767
1577	1.939
1578	1.791
1579	1.596
1580	1.287
1581	1.639
1582	1.572
1583	1.658
1584	1.767
1585	1.939
1586	1.361
1587	1.873
1588	1.639
1589	1.767
1590	1.541
1591	1.646
1592	1.674
1593	1.771
1594	1.685
1595	1.728
1596	1.775
1597	1.416
1598	1.201
1599	1.111
1600	1.103
1625	1.252
1626	1.291
1627	1.177
1628	1.201
1629	1.119
1630	1.189
1631	1.181
1632	1.338
1633	1.256
1634	1.513
1635	1.443
1636	1.318
1637	1.349
1638	1.299
1639	1.256
1640	1.072
1641	1.084
1642	1.072
1643	1.052
1644	1.072
1645	1.084
1646	1.084
1647	1.072
1648	1.060
1649	1.189
1650	1.080
1651	1.076
1652	1.048
1653	1.142
1654	1.068
1655	1.205
1656	1.115
1657	1.142
1658	1.150
1659	1.185
1660	1.103
1661	1.068
1662	1.048
1663	1.056
1664	1.056
1665	1.080
1666	1.052
1667	1.088
1668	1.091
1669	1.115
1670	1.138
1671	1.181
1672	1.345
1673	1.228
1674	1.244
1675	1.162
1676	1.162
1677	1.455
1678	1.830
1679	1.760
1680	1.646
1681	1.494
1682	1.295
1683	1.427
1684	1.685
1685	1.701
1686	1.689
1687	1.783
1688	1.599
1689	1.627
1690	1.732
1691	1.803
1692	1.556
1693	1.846
1694	1.807
1695	1.869
1696	1.619
1697	1.779
1698	1.779
1699	1.451
1700	1.252
1701	1.236
1702	1.154
1727	1.404
1728	1.412
1729	1.568
1730	1.353
1731	1.111
1732	1.189
1733	1.181
1734	1.193
1735	1.232
1736	1.314
1737	1.353
1738	1.541
1739	1.439
1740	1.478
1741	1.584
1742	1.236
1743	1.252
1744	1.338
1745	1.279
1746	1.177
1747	1.197
1748	1.076
1749	1.060
1750	1.060
1751	1.267
1752	1.052
1753	1.080
1754	1.072
1755	1.084
1756	1.091
1757	1.166
1758	1.127
1759	1.127
1760	1.099
1761	1.134
1762	1.154
1763	1.107
1764	1.088
1765	1.095
1766	1.146
1767	1.080
1768	1.052
1769	1.158
1770	1.314
1771	1.158
1772	1.146
1773	1.240
1774	1.361
1775	1.201
1776	1.189
1777	1.173
1778	1.127
1779	1.162
1780	1.580
1781	1.642
1782	1.791
1783	1.560
1784	1.615
1785	1.572
1786	1.799
1787	1.642
1788	1.756
1789	1.646
1790	1.822
1791	1.760
1792	1.631
1793	1.764
1794	1.803
1795	1.951
1796	1.943
1797	1.642
1798	1.779
1799	1.924
1800	1.611
1801	1.385
1802	1.197
1803	1.295
1804	1.220
1829	1.486
1830	1.627
1831	1.252
1832	1.357
1833	1.318
1834	1.248
1835	1.173
1836	1.185
1837	1.123
1838	1.213
1839	1.295
1840	1.713
1841	1.361
1842	1.349
1843	1.482
1844	1.291
1845	1.166
1846	1.205
1847	1.287
1848	1.291
1849	1.244
1850	1.134
1851	1.228
1852	1.072
1853	1.068
1854	1.095
1855	1.115
1856	1.091
1857	1.056
1858	1.177
1859	1.205
1860	1.146
1861	1.064
1862	1.048
1863	1.056
1864	1.146
1865	1.142
1866	1.091
1867	1.084
1868	1.142
1869	1.224
1870	1.416
1871	1.443
1872	1.869
1873	1.498
1874	1.213
1875	1.224
1876	1.388
1877	1.216
1878	1.173
1879	1.158
1880	1.240
1881	1.353
1882	1.459
1883	1.658
1884	1.713
1885	2.029
1886	1.822
1887	1.861
1888	1.689
1889	1.986
1890	1.912
1891	1.510
1892	1.877
1893	2.092
1894	1.826
1895	1.760
1896	1.744
1897	1.693
1898	1.576
1899	1.560
1900	1.896
1901	1.826
1902	1.545
1903	1.439
1904	1.256
1905	1.275
1906	1.142
1931	1.744
1932	1.795
1933	1.713
1934	1.658
1935	1.357
1936	1.427
1937	1.494
1938	1.201
1939	1.216
1940	1.181
1941	1.123
1942	1.322
1943	1.252
1944	1.306
1945	1.252
1946	1.091
1947	1.060
1948	1.189
1949	1.267
1950	1.318
1951	1.408
1952	1.193
1953	1.181
1954	1.103
1955	1.080
1956	1.185
1957	1.138
1958	1.084
1959	1.080
1960	1.111
1961	1.205
1962	1.224
1963	1.088
1964	1.084
1965	1.127
1966	1.232
1967	1.381
1968	1.385
1969	1.455
1970	1.248
1971	1.463
1972	1.314
1973	1.338
1974	1.740
1975	1.939
1976	1.142
1977	1.361
1978	1.232
1979	1.189
1980	1.193
1981	1.166
1982	1.435
1983	1.447
1984	1.662
1985	1.592
1986	1.486
1987	1.427
1988	1.627
1989	1.838
1990	1.728
1991	1.936
1992	1.635
1993	1.904
1994	1.736
1995	1.947
1996	1.517
1997	1.721
1998	1.764
1999	1.564
2000	1.517
2001	1.666
2002	1.545
2003	1.537
2004	1.447
2005	1.584
2006	1.713
2007	1.431
2008	1.287
2033	1.998
2034	1.834
2035	1.541
2036	1.611
2037	1.654
2038	1.877
2039	1.592
2040	1.283
2041	1.275
2042	1.345
2043	1.150
2044	1.138
2045	1.205
2046	1.158
2047	1.388
2048	1.291
2049	1.064
2050	1.173
2051	1.427
2052	1.525
2053	1.490
2054	1.228
2055	1.228
2056	1.181
2057	1.134
2058	1.142
2059	1.115
2060	1.119
2061	1.088
2062	1.119
2063	1.131
2064	1.095
2065	1.154
2066	1.213
2067	1.201
2068	1.310
2069	1.513
2070	1.338
2071	1.326
2072	1.353
2073	1.373
2074	1.240
2075	1.365
2076	1.275
2077	1.486
2078	1.263
2079	1.345
2080	1.814
2081	1.431
2082	1.162
2083	1.342
2084	1.756
2085	1.701
2086	1.639
2087	1.607
2088	1.627
2089	1.545
2090	1.713
2091	1.736
2092	1.740
2093	1.885
2094	1.506
2095	1.693
2096	1.635
2097	1.502
2098	1.697
2099	1.787
2100	1.740
2101	1.517
2102	1.435
2103	1.521
2104	1.639
2105	1.545
2106	1.459
2107	1.603
2108	1.803
2109	1.619
2110	1.822
2111	1.525
2112	2.021
2137	1.986
2138	1.760
2139	1.760
2140	1.982
2141	1.736
2142	1.728
2143	1.443
2144	1.420
2145	1.424
2146	1.498
2147	1.177
2148	1.107
2149	1.216
2150	1.279
2151	1.580
2152	2.5
2153	2.494
2154	1.506
2155	1.205
2156	1.412
2157	1.525
2158	1.295
2159	1.283
2160	1.291
2161	1.197
2162	1.095
2163	1.131
2164	1.232
2165	1.138
2166	1.076
2167	1.064
2168	1.154
2169	1.173
2170	1.310
2171	1.259
2172	1.189
2173	1.451
2174	1.295
2175	1.154
2176	1.271
2177	1.388
2178	1.470
2179	1.181
2180	1.150
2181	1.279
2182	1.185
2183	1.603
2184	1.299
2185	1.353
2186	1.256
2187	1.291
2188	1.529
2189	1.478
2190	1.767
2191	1.791
2192	1.748
2193	1.748
2194	1.564
2195	1.482
2196	1.775
2197	1.767
2198	1.599
2199	1.490
2200	1.666
2201	1.549
2202	2.279
2203	1.709
2204	1.732
2205	1.607
2206	1.486
2207	1.517
2208	1.564
2209	1.447
2210	1.451
2211	1.685
2212	1.615
2213	1.826
2214	2.096
2215	1.443
2216	1.494
2241	1.932
2242	2.225
2243	2.299
2244	2.318
2245	1.803
2246	1.510
2247	1.666
2248	1.740
2249	1.568
2250	1.369
2251	1.283
2252	1.154
2253	1.173
2254	1.189
2255	1.639
2256	2.5
2257	2.5
2258	2.455
2259	1.279
2260	1.263
2261	1.431
2262	1.349
2263	1.330
2264	1.138
2265	1.158
2266	1.236
2267	1.232
2268	1.166
2269	1.185
2270	1.134
2271	1.396
2272	1.123
2273	1.357
2274	1.306
2275	1.216
2276	1.318
2277	1.236
2278	1.259
2279	1.134
2280	1.244
2281	1.256
2282	1.353
2283	1.197
2284	1.318
2285	1.357
2286	1.181
2287	1.177
2288	1.369
2289	1.416
2290	1.138
2291	1.373
2292	1.420
2293	1.607
2294	1.717
2295	1.498
2296	1.689
2297	1.635
2298	1.345
2299	1.377
2300	2.014
2301	1.685
2302	1.537
2303	1.420
2304	1.760
2305	1.545
2306	1.693
2307	1.951
2308	1.705
2309	1.521
2310	1.560
2311	1.431
2312	1.369
2313	1.603
2314	1.674
2315	1.662
2316	1.705
2317	1.607
2318	1.896
2319	1.611
2320	1.642
2345	2.221
2346	2.471
2347	2.490
2348	2.025
2349	1.826
2350	1.678
2351	2.123
2352	1.807
2353	1.650
2354	1.408
2355	1.529
2356	1.369
2357	1.306
2358	1.173
2359	1.904
2360	2.178
2361	2.5
2362	2.5
2363	1.326
2364	1.287
2365	1.334
2366	1.400
2367	1.635
2368	1.431
2369	1.173
2370	1.318
2371	1.334
2372	1.412
2373	1.146
2374	1.576
2375	1.486
2376	1.451
2377	1.259
2378	1.173
2379	1.091
2380	1.381
2381	1.627
2382	1.185
2383	1.127
2384	1.107
2385	1.240
2386	1.318
2387	1.224
2388	1.181
2389	1.146
2390	1.252
2391	1.338
2392	1.533
2393	1.361
2394	1.252
2395	1.400
2396	1.400
2397	1.467
2398	1.658
2399	1.424
2400	1.521
2401	1.525
2402	1.447
2403	1.506
2404	1.877
2405	2.029
2406	1.709
2407	1.345
2408	1.342
2409	1.310
2410	1.373
2411	1.592
2412	1.588
2413	2.100
2414	2.029
2415	1.658
2416	1.431
2417	1.513
2418	1.701
2419	1.603
2420	1.717
2421	1.787
2422	1.642
2423	1.502
2424	1.631
2449	2.061
2450	2.5
2451	2.5
2452	2.428
2453	2.178
2454	1.670
2455	1.705
2456	1.244
2457	1.357
2458	1.263
2459	1.349
2460	1.201
2461	1.353
2462	1.322
2463	1.783
2464	2.5
2465	2.5
2466	2.5
2467	2.432
2468	1.427
2469	1.521
2470	1.537
2471	1.541
2472	1.220
2473	1.181
2474	1.236
2475	1.252
2476	1.338
2477	1.342
2478	1.533
2479	1.486
2480	1.314
2481	1.447
2482	1.131
2483	1.232
2484	1.506
2485	1.607
2486	1.197
2487	1.256
2488	1.091
2489	1.158
2490	1.279
2491	1.267
2492	1.256
2493	1.326
2494	1.689
2495	1.510
2496	1.822
2497	1.420
2498	1.306
2499	1.412
2500	1.474
2501	1.627
2502	1.553
2503	1.353
2504	1.646
2505	1.545
2506	1.596
2507	1.627
2508	1.736
2509	1.713
2510	1.572
2511	1.259
2512	1.213
2513	1.045
2514	1.299
2515	1.810
2516	1.642
2517	1.791
2518	2.014
2519	1.541
2520	1.494
2521	1.724
2522	1.666
2523	1.689
2524	1.873
2525	1.779
2526	1.666
2527	1.517
2528	1.592
2553	2.295
2554	2.5
2555	2.397
2556	2.299
2557	2.5
2558	1.670
2559	1.357
2560	1.502
2561	1.572
2562	1.408
2563	1.502
2564	1.299
2565	1.404
2566	1.279
2567	1.740
2568	2.5
2569	2.5
2570	2.5
2571	2.5
2572	1.631
2573	1.158
2574	1.299
2575	1.158
2576	1.209
2577	1.138
2578	1.185
2579	1.099
2580	1.310
2581	1.412
2582	1.459
2583	1.263
2584	1.213
2585	1.326
2586	1.334
2587	1.490
2588	1.345
2589	1.478
2590	1.314
2591	1.150
2592	1.150
2593	1.302
2594	1.404
2595	1.232
2596	1.439
2597	1.654
2598	1.560
2599	1.607
2600	2.068
2601	1.545
2602	1.349
2603	1.556
2604	1.592
2605	1.603
2606	1.615
2607	1.306
2608	1.513
2609	1.627
2610	1.908
2611	1.810
2612	1.982
2613	1.533
2614	1.517
2615	1.588
2616	1.357
2617	1.127
2618	1.549
2619	1.521
2620	1.607
2621	1.603
2622	1.752
2623	1.533
2624	1.639
2625	1.596
2626	1.658
2627	1.654
2628	1.697
2629	1.881
2630	1.658
2631	1.709
2632	1.650
2657	2.358
2658	2.201
2659	2.361
2660	2.350
2661	2.311
2662	2.080
2663	1.627
2664	1.775
2665	1.416
2666	1.463
2667	1.381
2668	1.107
2669	1.103
2670	1.857
2671	2.5
2672	1.775
2673	2.5
2674	2.5
2675	2.5
2676	2.490
2677	1.279
2678	1.099
2679	1.173
2680	1.142
2681	1.193
2682	1.138
2683	1.154
2684	1.408
2685	1.349
2686	1.166
2687	1.275
2688	1.439
2689	1.302
2690	1.318
2691	1.564
2692	1.302
2693	1.529
2694	1.459
2695	1.302
2696	1.420
2697	1.525
2698	1.318
2699	1.416
2700	1.439
2701	1.760
2702	2.100
2703	1.420
2704	1.760
2705	1.592
2706	1.541
2707	1.299
2708	1.560
2709	1.607
2710	1.537
2711	1.470
2712	1.478
2713	1.666
2714	1.658
2715	1.666
2716	1.502
2717	1.474
2718	1.408
2719	1.529
2720	1.580
2721	1.431
2722	1.435
2723	1.596
2724	1.545
2725	1.533
2726	1.392
2727	1.650
2728	1.724
2729	1.642
2730	1.654
2731	1.596
2732	1.599
2733	1.650
2734	1.979
2735	1.803
2736	1.568
2761	1.998
2762	1.810
2763	2.068
2764	2.072
2765	2.369
2766	2.010
2767	2.025
2768	1.810
2769	1.416
2770	1.490
2771	1.435
2772	1.244
2773	1.302
2774	1.271
2775	2.5
2776	2.5
2777	2.5
2778	2.5
2779	2.5
2780	1.853
2781	1.357
2782	1.357
2783	1.111
2784	1.107
2785	1.224
2786	1.326
2787	1.150
2788	1.392
2789	1.197
2790	1.111
2791	1.115
2792	1.553
2793	1.259
2794	1.244
2795	1.381
2796	1.345
2797	1.248
2798	1.349
2799	1.588
2800	1.400
2801	1.392
2802	1.338
2803	1.326
2804	1.674
2805	1.877
2806	1.850
2807	1.470
2808	1.345
2809	1.541
2810	1.982
2811	1.611
2812	1.553
2813	1.502
2814	1.486
2815	1.912
2816	1.611
2817	1.670
2818	1.826
2819	1.744
2820	1.541
2821	1.408
2822	1.478
2823	1.427
2824	1.463
2825	1.736
2826	1.478
2827	1.541
2828	1.588
2829	1.599
2830	1.588
2831	1.517
2832	2.096
2833	1.760
2834	1.580
2835	1.685
2836	1.658
2837	1.451
2838	1.764
2839	1.404
2840	1.584
2865	2.369
2866	2.049
2867	1.900
2868	1.775
2869	1.830
2870	2.154
2871	2.072
2872	1.767
2873	1.111
2874	1.177
2875	1.435
2876	1.607
2877	1.732
2878	1.842
2879	2.5
2880	2.5
2881	2.5
2882	2.5
2883	2.5
2884	1.639
2885	1.416
2886	1.232
2887	1.150
2888	1.181
2889	1.259
2890	1.177
2891	1.263
2892	1.220
2893	1.142
2894	1.056
2895	1.052
2896	1.162
2897	1.107
2898	1.240
2899	1.302
2900	1.365
2901	1.170
2902	1.365
2903	1.537
2904	1.377
2905	1.267
2906	1.338
2907	1.302
2908	1.717
2909	1.599
2910	1.799
2911	1.408
2912	1.599
2913	1.560
2914	1.478
2915	1.803
2916	1.951
2917	1.693
2918	1.541
2919	1.838
2920	1.424
2921	1.842
2922	1.537
2923	1.756
2924	1.388
2925	1.427
2926	1.392
2927	1.404
2928	1.560
2929	2.057
2930	1.463
2931	1.506
2932	1.502
2933	1.549
2934	1.568
2935	1.623
2936	1.635
2937	1.521
2938	1.717
2939	1.740
2940	2.037
2941	2.186
2942	1.639
2943	1.650
2944	1.236
2945	1.486
2946	1.556
2971	2.5
2972	2.401
2973	2.260
2974	1.779
2975	1.588
2976	1.646
2977	2.190
2978	2.061
2979	1.181
2980	1.154
2981	1.181
2982	1.631
2983	1.791
2984	2.252
2985	1.592
2986	1.173
2987	2.5
2988	2.5
2989	2.5
2990	1.775
2991	1.279
2992	1.134
2993	1.275
2994	1.259
2995	1.127
2996	1.154
2997	1.263
2998	1.213
2999	1.166
3000	1.095
3001	1.158
3002	1.306
3003	1.474
3004	1.330
3005	1.381
3006	1.447
3007	1.377
3008	1.560
3009	1.416
3010	1.318
3011	1.385
3012	1.213
3013	1.338
3014	1.580
3015	1.764
3016	1.553
3017	1.713
3018	1.623
3019	1.701
3020	1.818
3021	1.803
3022	1.717
3023	1.443
3024	1.662
3025	1.732
3026	1.385
3027	1.443
3028	1.263
3029	1.787
3030	1.361
3031	1.353
3032	1.392
3033	1.424
3034	1.572
3035	1.615
3036	1.521
3037	1.517
3038	1.427
3039	1.463
3040	1.541
3041	1.631
3042	1.373
3043	1.267
3044	1.287
3045	1.853
3046	2.006
3047	1.732
3048	1.654
3049	1.537
3050	1.513
3051	1.513
3052	1.599
3077	1.889
3078	1.932
3079	2.084
3080	1.408
3081	1.302
3082	1.510
3083	2.049
3084	1.963
3085	1.537
3086	1.197
3087	1.404
3088	1.451
3089	1.224
3090	1.521
3091	1.138
3092	1.127
3093	1.724
3094	1.357
3095	2.166
3096	1.365
3097	1.177
3098	1.388
3099	1.158
3100	1.170
3101	1.142
3102	1.177
3103	1.154
3104	1.287
3105	1.197
3106	1.537
3107	1.451
3108	1.435
3109	1.596
3110	1.513
3111	1.244
3112	1.220
3113	1.377
3114	1.553
3115	1.248
3116	1.388
3117	1.232
3118	1.299
3119	1.553
3120	1.670
3121	1.639
3122	1.533
3123	1.728
3124	1.400
3125	1.631
3126	1.748
3127	1.713
3128	1.517
3129	1.396
3130	1.529
3131	1.353
3132	1.513
3133	1.314
3134	1.556
3135	1.381
3136	1.275
3137	1.369
3138	1.443
3139	1.619
3140	1.494
3141	1.603
3142	1.525
3143	1.310
3144	1.435
3145	1.482
3146	1.275
3147	1.377
3148	1.302
3149	1.256
3150	1.302
3151	1.400
3152	1.846
3153	1.506
3154	1.455
3155	1.478
3156	1.764
3157	1.861
3158	1.744
3183	2.092
3184	1.881
3185	1.853
3186	1.377
3187	1.365
3188	1.400
3189	1.713
3190	2.064
3191	1.936
3192	1.302
3193	1.381
3194	1.271
3195	1.185
3196	1.244
3197	1.103
3198	1.095
3199	1.416
3200	1.181
3201	1.275
3202	1.404
3203	1.205
3204	1.271
3205	1.220
3206	1.173
3207	1.170
3208	1.224
3209	1.228
3210	1.228
3211	1.213
3212	1.427
3213	1.424
3214	1.482
3215	1.463
3216	1.447
3217	1.252
3218	1.252
3219	1.400
3220	1.326
3221	1.283
3222	1.451
3223	1.334
3224	1.486
3225	1.306
3226	1.342
3227	1.412
3228	1.678
3229	1.584
3230	1.807
3231	1.666
3232	1.705
3233	1.654
3234	1.392
3235	1.287
3236	1.310
3237	1.267
3238	1.154
3239	1.291
3240	1.396
3241	1.361
3242	1.271
3243	1.342
3244	1.443
3245	1.396
3246	1.553
3247	1.299
3248	1.502
3249	1.467
3250	1.408
3251	1.580
3252	1.478
3253	1.607
3254	1.513
3255	1.240
3256	1.416
3257	1.470
3258	1.623
3259	1.490
3260	1.420
3261	1.709
3262	1.771
3263	1.795
3264	1.756
3289	2.459
3290	1.752
3291	1.388
3292	1.302
3293	1.177
3294	1.177
3295	1.396
3296	1.580
3297	1.783
3298	1.385
3299	1.400
3300	1.252
3301	1.185
3302	1.181
3303	1.052
3304	1.107
3305	1.146
3306	1.388
3307	1.326
3308	1.451
3309	1.240
3310	1.267
3311	1.170
3312	1.224
3313	1.209
3314	1.134
3315	1.205
3316	1.302
3317	1.201
3318	1.502
3319	1.455
3320	1.678
3321	1.478
3322	1.506
3323	1.373
3324	1.361
3325	1.408
3326	1.361
3327	1.381
3328	1.412
3329	1.533
3330	1.361
3331	1.279
3332	1.506
3333	1.381
3334	1.580
3335	1.818
3336	1.709
3337	1.592
3338	1.447
3339	1.326
3340	1.392
3341	1.498
3342	1.396
3343	1.138
3344	1.123
3345	1.162
3346	1.224
3347	1.146
3348	1.103
3349	1.173
3350	1.150
3351	1.373
3352	1.486
3353	1.291
3354	1.408
3355	1.197
3356	1.189
3357	1.365
3358	1.439
3359	1.334
3360	1.267
3361	1.263
3362	1.482
3363	1.545
3364	1.502
3365	1.599
3366	1.095
3367	1.482
3368	1.474
3369	1.439
3370	1.603
3395	1.752
3396	1.810
3397	1.646
3398	1.388
3399	1.228
3400	1.099
3401	1.256
3402	1.299
3403	1.846
3404	1.474
3405	1.271
3406	1.127
3407	1.158
3408	1.170
3409	1.134
3410	1.162
3411	1.306
3412	1.650
3413	1.529
3414	1.439
3415	1.420
3416	1.205
3417	1.201
3418	1.244
3419	1.197
3420	1.220
3421	1.248
3422	1.408
3423	1.271
3424	1.259
3425	1.158
3426	1.603
3427	1.596
3428	1.424
3429	1.330
3430	1.431
3431	1.349
3432	1.345
3433	1.345
3434	1.302
3435	1.287
3436	1.373
3437	1.361
3438	1.283
3439	1.447
3440	1.486
3441	1.470
3442	1.752
3443	1.588
3444	1.322
3445	1.549
3446	1.560
3447	1.490
3448	1.244
3449	1.470
3450	1.400
3451	1.177
3452	1.299
3453	1.392
3454	1.220
3455	1.408
3456	1.252
3457	1.267
3458	1.326
3459	1.189
3460	1.306
3461	1.463
3462	1.283
3463	1.244
3464	1.275
3465	1.529
3466	1.322
3467	1.431
3468	1.498
3469	1.474
3470	1.435
3471	1.338
3472	1.283
3473	1.404
3474	1.705
3475	1.893
3476	1.564
3501	1.744
3502	1.662
3503	1.713
3504	1.728
3505	1.107
3506	1.084
3507	1.158
3508	1.232
3509	1.314
3510	1.463
3511	1.299
3512	1.119
3513	1.088
3514	1.275
3515	1.388
3516	1.256
3517	1.330
3518	1.361
3519	1.115
3520	1.381
3521	1.306
3522	1.134
3523	1.138
3524	1.119
3525	1.166
3526	1.283
3527	1.283
3528	1.299
3529	1.353
3530	1.263
3531	1.322
3532	1.572
3533	1.486
3534	1.345
3535	1.228
3536	1.412
3537	1.252
3538	1.275
3539	1.166
3540	1.279
3541	1.232
3542	1.267
3543	1.412
3544	1.392
3545	1.318
3546	1.427
3547	1.615
3548	1.490
3549	1.291
3550	1.381
3551	1.396
3552	1.517
3553	1.525
3554	1.553
3555	1.705
3556	1.404
3557	1.420
3558	1.345
3559	1.607
3560	1.314
3561	1.396
3562	1.330
3563	1.146
3564	1.287
3565	1.181
3566	1.256
3567	1.252
3568	1.181
3569	1.342
3570	1.443
3571	1.314
3572	1.431
3573	1.588
3574	1.588
3575	1.560
3576	1.459
3577	1.306
3578	1.318
3579	1.224
3580	1.345
3581	1.506
3582	1.580
3607	1.549
3608	1.447
3609	1.283
3610	1.213
3611	1.131
3612	1.123
3613	1.185
3614	1.267
3615	1.338
3616	1.275
3617	1.158
3618	1.095
3619	1.099
3620	1.373
3621	1.299
3622	1.240
3623	1.162
3624	1.131
3625	1.252
3626	1.412
3627	1.396
3628	1.232
3629	1.252
3630	1.326
3631	1.338
3632	1.353
3633	1.201
3634	1.396
3635	1.517
3636	1.314
3637	1.658
3638	1.474
3639	1.275
3640	1.451
3641	1.236
3642	1.396
3643	1.275
3644	1.216
3645	1.138
3646	1.365
3647	1.342
3648	1.201
3649	1.201
3650	1.209
3651	1.330
3652	1.431
3653	1.369
3654	1.330
3655	1.490
3656	1.373
3657	1.306
3658	1.404
3659	1.596
3660	1.435
3661	1.357
3662	1.369
3663	1.470
3664	1.408
3665	1.404
3666	1.385
3667	1.478
3668	1.310
3669	1.189
3670	1.197
3671	1.232
3672	1.154
3673	1.134
3674	1.252
3675	1.271
3676	1.373
3677	1.482
3678	1.549
3679	1.400
3680	1.427
3681	1.404
3682	1.400
3683	1.310
3684	1.392
3685	1.576
3686	1.408
3687	1.467
3688	1.674
3711	1.142
3712	1.205
3713	1.127
3714	1.060
3715	1.084
3716	1.052
3717	1.088
3718	1.166
3719	1.287
3720	1.185
3721	1.134
3722	1.091
3723	1.045
3724	1.181
3725	1.154
3726	1.142
3727	1.088
3728	1.158
3729	1.385
3730	1.388
3731	1.228
3732	1.377
3733	1.361
3734	1.416
3735	1.287
3736	1.177
3737	1.697
3738	2.080
3739	2.006
3740	1.584
3741	1.463
3742	1.322
3743	1.295
3744	1.392
3745	1.146
3746	1.240
3747	1.185
3748	1.256
3749	1.189
3750	1.216
3751	1.486
3752	1.291
3753	1.162
3754	1.197
3755	1.314
3756	1.615
3757	1.365
3758	1.342
3759	1.318
3760	1.447
3761	1.381
3762	1.447
3763	1.521
3764	1.361
3765	1.326
3766	1.232
3767	1.494
3768	1.717
3769	1.568
3770	1.443
3771	1.635
3772	1.240
3773	1.537
3774	1.173
3775	1.209
3776	1.279
3777	1.134
3778	1.220
3779	1.302
3780	1.439
3781	1.299
3782	1.295
3783	1.361
3784	1.517
3785	1.400
3786	1.357
3787	1.357
3788	1.420
3789	1.728
3790	1.424
3791	1.451
3792	1.513
3793	1.470
3794	1.631
3817	1.193
3818	1.119
3819	1.088
3820	1.111
3821	1.068
3822	1.052
3823	1.080
3824	1.084
3825	1.119
3826	1.127
3827	1.076
3828	1.045
3829	1.045
3830	1.099
3831	1.146
3832	1.205
3833	1.529
3834	1.431
3835	1.287
3836	1.404
3837	1.279
3838	1.502
3839	1.553
3840	1.881
3841	1.752
3842	1.818
3843	2.201
3844	2.287
3845	1.791
3846	1.619
3847	1.525
3848	1.213
3849	1.170
3850	1.123
3851	1.138
3852	1.283
3853	1.338
3854	1.287
3855	1.322
3856	1.213
3857	1.259
3858	1.256
3859	1.248
3860	1.256
3861	1.385
3862	1.373
3863	1.619
3864	1.791
3865	1.381
3866	1.459
3867	1.424
3868	1.275
3869	1.400
3870	1.275
3871	1.271
3872	1.299
3873	1.330
3874	1.670
3875	1.510
3876	1.404
3877	1.396
3878	1.439
3879	1.259
3880	1.146
3881	1.213
3882	1.361
3883	1.197
3884	1.330
3885	1.435
3886	1.752
3887	1.439
3888	1.463
3889	1.291
3890	1.220
3891	1.392
3892	1.447
3893	1.349
3894	1.603
3895	1.365
3896	1.470
3897	1.404
3898	1.412
3899	1.353
3900	1.318
3923	1.127
3924	1.091
3925	1.064
3926	1.150
3927	1.064
3928	1.072
3929	1.056
3930	1.091
3931	1.095
3932	1.060
3933	1.045
3934	1.045
3935	1.064
3936	1.134
3937	1.549
3938	1.670
3939	1.775
3940	2.076
3941	1.580
3942	1.666
3943	1.697
3944	1.967
3945	1.685
3946	1.697
3947	1.904
3948	2.131
3949	2.084
3950	1.607
3951	1.322
3952	1.213
3953	1.142
3954	1.181
3955	1.095
3956	1.166
3957	1.197
3958	1.232
3959	1.342
3960	1.267
3961	1.205
3962	1.220
3963	1.240
3964	1.252
3965	1.216
3966	1.291
3967	1.424
3968	1.396
3969	1.603
3970	1.607
3971	1.517
3972	1.353
3973	1.455
3974	1.889
3975	1.412
3976	1.209
3977	1.248
3978	1.330
3979	1.263
3980	1.365
3981	1.631
3982	1.349
3983	1.459
3984	1.424
3985	1.322
3986	1.146
3987	1.306
3988	1.322
3989	1.299
3990	1.459
3991	1.400
3992	1.533
3993	1.271
3994	1.326
3995	1.373
3996	1.275
3997	1.361
3998	1.513
3999	1.486
4000	1.373
4001	1.646
4002	1.447
4003	1.381
4004	1.584
4005	1.400
4006	1.224
4029	1.103
4030	1.048
4031	1.103
4032	1.056
4033	1.076
4034	1.091
4035	1.084
4036	1.088
4037	1.045
4038	1.045
4039	1.045
4040	1.045
4041	1.095
4042	1.181
4043	1.482
4044	1.705
4045	1.795
4046	2.170
4047	2.326
4048	1.838
4049	2.014
4050	1.775
4051	1.470
4052	1.427
4053	1.322
4054	1.181
4055	1.131
4056	1.146
4057	1.091
4058	1.091
4059	1.213
4060	1.322
4061	1.189
4062	1.201
4063	1.283
4064	1.361
4065	1.263
4066	1.232
4067	1.295
4068	1.342
4069	1.197
4070	1.259
4071	1.201
4072	1.193
4073	1.396
4074	1.263
4075	1.326
4076	1.494
4077	1.603
4078	1.470
4079	1.373
4080	1.166
4081	1.564
4082	1.443
4083	1.541
4084	1.369
4085	1.201
4086	1.228
4087	1.658
4088	1.314
4089	1.494
4090	1.506
4091	1.385
4092	1.170
4093	1.279
4094	1.416
4095	1.338
4096	1.529
4097	1.361
4098	1.455
4099	1.365
4100	1.404
4101	1.424
4102	1.451
4103	1.291
4104	1.455
4105	1.357
4106	1.682
4107	1.447
4108	1.263
4109	1.381
4110	1.455
4111	1.592
4112	1.553
4133	1.060
4134	1.060
4135	1.099
4136	1.056
4137	1.045
4138	1.056
4139	1.127
4140	1.048
4141	1.045
4142	1.045
4143	1.045
4144	1.103
4145	1.252
4146	1.193
4147	1.158
4148	1.256
4149	1.435
4150	1.599
4151	1.459
4152	1.365
4153	1.267
4154	1.193
4155	1.209
4156	1.256
4157	1.177
4158	1.259
4159	1.162
4160	1.103
4161	1.220
4162	1.267
4163	1.275
4164	1.302
4165	1.314
4166	1.338
4167	1.209
4168	1.248
4169	1.287
4170	1.287
4171	1.088
4172	1.201
4173	1.279
4174	1.259
4175	1.244
4176	1.334
4177	1.275
4178	1.361
4179	1.279
4180	1.150
4181	1.189
4182	1.275
4183	1.232
4184	1.271
4185	1.467
4186	1.584
4187	1.486
4188	1.275
4189	1.275
4190	1.447
4191	1.596
4192	1.420
4193	1.404
4194	1.486
4195	1.263
4196	1.146
4197	1.213
4198	1.267
4199	1.310
4200	1.357
4201	1.404
4202	1.388
4203	1.388
4204	1.330
4205	1.373
4206	1.451
4207	1.131
4208	1.170
4209	1.345
4210	1.678
4211	1.404
4212	1.396
4213	1.385
4214	1.084
4215	1.721
4216	1.338
4237	1.048
4238	1.088
4239	1.056
4240	1.045
4241	1.045
4242	1.060
4243	1.213
4244	1.127
4245	1.142
4246	1.115
4247	1.115
4248	1.224
4249	1.189
4250	1.416
4251	1.236
4252	1.256
4253	1.252
4254	1.338
4255	1.349
4256	1.283
4257	1.236
4258	1.224
4259	1.244
4260	1.295
4261	1.216
4262	1.224
4263	1.205
4264	1.287
4265	1.291
4266	1.224
4267	1.232
4268	1.197
4269	1.134
4270	1.283
4271	1.220
4272	1.201
4273	1.283
4274	1.338
4275	1.142
4276	1.209
4277	1.123
4278	1.306
4279	1.205
4280	1.295
4281	1.271
4282	1.416
4283	1.236
4284	1.170
4285	1.142
4286	1.111
4287	1.158
4288	1.185
4289	1.259
4290	1.490
4291	1.467
4292	1.299
4293	1.322
4294	1.416
4295	1.361
4296	1.259
4297	1.279
4298	1.459
4299	1.256
4300	1.162
4301	1.291
4302	1.275
4303	1.427
4304	1.365
4305	1.295
4306	1.533
4307	1.443
4308	1.486
4309	1.451
4310	1.678
4311	1.275
4312	1.127
4313	1.263
4314	1.533
4315	1.400
4316	1.705
4317	1.377
4318	1.048
4319	1.283
4320	1.416
4341	1.045
4342	1.045
4343	1.045
4344	1.064
4345	1.173
4346	1.197
4347	1.420
4348	1.271
4349	1.244
4350	1.549
4351	1.119
4352	1.271
4353	1.193
4354	1.349
4355	1.424
4356	1.353
4357	1.513
4358	1.556
4359	1.553
4360	1.408
4361	1.306
4362	1.240
4363	1.205
4364	1.357
4365	1.306
4366	1.353
4367	1.271
4368	1.205
4369	1.142
4370	1.201
4371	1.236
4372	1.181
4373	1.236
4374	1.279
4375	1.154
4376	1.201
4377	1.271
4378	1.146
4379	1.158
4380	1.213
4381	1.252
4382	1.216
4383	1.193
4384	1.236
4385	1.279
4386	1.310
4387	1.279
4388	1.162
4389	1.240
4390	1.123
4391	1.158
4392	1.091
4393	1.209
4394	1.400
4395	1.494
4396	1.486
4397	1.283
4398	1.529
4399	1.474
4400	1.427
4401	1.326
4402	1.420
4403	1.181
4404	1.076
4405	1.170
4406	1.220
4407	1.334
4408	1.353
4409	1.342
4410	1.490
4411	1.361
4412	1.502
4413	1.392
4414	1.295
4415	1.455
4416	1.318
4417	1.279
4418	1.650
4419	1.799
4420	1.627
4421	1.404
4422	1.224
4423	1.197
4424	1.521
4445	1.045
4446	1.060
4447	1.080
4448	1.224
4449	1.209
4450	1.248
4451	1.119
4452	1.150
4453	1.287
4454	1.291
4455	1.162
4456	1.314
4457	1.193
4458	1.357
4459	1.388
4460	1.334
4461	1.580
4462	1.736
4463	1.607
4464	1.455
4465	1.318
4466	1.287
4467	1.252
4468	1.240
4469	1.213
4470	1.256
4471	1.189
4472	1.213
4473	1.107
4474	1.103
4475	1.134
4476	1.177
4477	1.244
4478	1.400
4479	1.170
4480	1.170
4481	1.189
4482	1.201
4483	1.158
4484	1.134
4485	1.291
4486	1.271
4487	1.267
4488	1.295
4489	1.310
4490	1.299
4491	1.252
4492	1.232
4493	1.248
4494	1.189
4495	1.201
4496	1.185
4497	1.123
4498	1.193
4499	1.213
4500	1.287
4501	1.541
4502	1.603
4503	1.482
4504	1.404
4505	1.345
4506	1.267
4507	1.080
4508	1.213
4509	1.209
4510	1.256
4511	1.369
4512	1.334
4513	1.420
4514	1.467
4515	1.275
4516	1.271
4517	1.173
4518	1.240
4519	1.377
4520	1.553
4521	1.369
4522	1.420
4523	1.592
4524	1.521
4525	1.185
4526	1.142
4527	1.431
4528	1.642
4549	1.131
4550	1.166
4551	1.154
4552	1.482
4553	1.381
4554	1.345
4555	1.299
4556	1.279
4557	1.267
4558	1.162
4559	1.232
4560	1.318
4561	1.181
4562	1.322
4563	1.404
4564	1.306
4565	1.537
4566	1.631
4567	1.455
4568	1.381
4569	1.170
4570	1.150
4571	1.236
4572	1.334
4573	1.244
4574	1.170
4575	1.177
4576	1.134
4577	1.076
4578	1.162
4579	1.209
4580	1.240
4581	1.228
4582	1.338
4583	1.244
4584	1.306
4585	1.224
4586	1.170
4587	1.291
4588	1.173
4589	1.185
4590	1.326
4591	1.345
4592	1.388
4593	1.166
4594	1.232
4595	1.244
4596	1.228
4597	1.295
4598	1.330
4599	1.220
4600	1.146
4601	1.088
4602	1.099
4603	1.134
4604	1.170
4605	1.392
4606	1.646
4607	1.584
4608	1.408
4609	1.424
4610	1.443
4611	1.154
4612	1.263
4613	1.291
4614	1.271
4615	1.240
4616	1.365
4617	1.431
4618	1.427
4619	1.310
4620	1.240
4621	1.216
4622	1.377
4623	1.537
4624	1.588
4625	1.470
4626	1.537
4627	1.599
4628	1.443
4629	1.283
4630	1.287
4631	1.740
4632	2.041
4653	1.115
4654	1.072
4655	1.146
4656	1.115
4657	1.201
4658	1.388
4659	1.447
4660	1.357
4661	1.345
4662	1.213
4663	1.201
4664	1.342
4665	1.494
4666	1.228
4667	1.404
4668	1.455
4669	1.322
4670	1.318
4671	1.287
4672	1.291
4673	1.154
4674	1.158
4675	1.256
4676	1.377
4677	1.385
4678	1.138
4679	1.248
4680	1.166
4681	1.201
4682	1.197
4683	1.283
4684	1.263
4685	1.248
4686	1.220
4687	1.377
4688	1.236
4689	1.369
4690	1.185
4691	1.216
4692	1.240
4693	1.259
4694	1.322
4695	1.388
4696	1.291
4697	1.318
4698	1.189
4699	1.181
4700	1.228
4701	1.236
4702	1.236
4703	1.205
4704	1.185
4705	1.193
4706	1.248
4707	1.107
4708	1.158
4709	1.275
4710	1.498
4711	1.197
4712	1.345
4713	1.513
4714	1.173
4715	1.185
4716	1.299
4717	1.318
4718	1.377
4719	1.295
4720	1.560
4721	1.560
4722	1.385
4723	1.197
4724	1.064
4725	1.373
4726	1.459
4727	1.646
4728	1.494
4729	1.549
4730	1.822
4731	1.740
4732	1.920
4733	1.799
4734	1.963
4735	2.279
4736	2.260
4755	1.107
4756	1.084
4757	1.162
4758	1.209
4759	1.283
4760	1.510
4761	1.404
4762	1.342
4763	1.259
4764	1.236
4765	1.517
4766	1.388
4767	1.318
4768	1.549
4769	1.373
4770	1.369
4771	1.385
4772	1.295
4773	1.345
4774	1.447
4775	1.295
4776	1.291
4777	1.173
4778	1.170
4779	1.197
4780	1.189
4781	1.138
4782	1.091
4783	1.162
4784	1.310
4785	1.318
4786	1.279
4787	1.299
4788	1.314
4789	1.357
4790	1.287
4791	1.482
4792	1.123
4793	1.193
4794	1.142
4795	1.201
4796	1.361
4797	1.322
4798	1.283
4799	1.392
4800	1.404
4801	1.369
4802	1.232
4803	1.334
4804	1.291
4805	1.310
4806	1.263
4807	1.291
4808	1.314
4809	1.267
4810	1.240
4811	1.267
4812	1.224
4813	1.142
4814	1.150
4815	1.138
4816	1.177
4817	1.154
4818	1.306
4819	1.248
4820	1.306
4821	1.279
4822	1.396
4823	1.455
4824	1.279
4825	1.224
4826	1.189
4827	1.416
4828	1.486
4829	1.486
4830	1.506
4831	1.533
4832	1.553
4833	1.771
4834	1.869
4835	1.838
4836	2.150
4837	2.213
4838	2.150
4839	2.279
4840	2.123
4859	1.099
4860	1.232
4861	1.287
4862	1.170
4863	1.103
4864	1.154
4865	1.365
4866	1.228
4867	1.244
4868	1.385
4869	1.537
4870	1.580
4871	1.967
4872	1.408
4873	1.537
4874	1.596
4875	1.467
4876	1.299
4877	1.353
4878	1.283
4879	1.361
4880	1.146
4881	1.166
4882	1.131
4883	1.166
4884	1.162
4885	1.107
4886	1.060
4887	1.220
4888	1.310
4889	1.275
4890	1.185
4891	1.306
4892	1.306
4893	1.287
4894	1.416
4895	1.310
4896	1.330
4897	1.299
4898	1.373
4899	1.486
4900	1.388
4901	1.306
4902	1.173
4903	1.377
4904	1.345
4905	1.216
4906	1.283
4907	1.271
4908	1.252
4909	1.381
4910	1.345
4911	1.291
4912	1.322
4913	1.385
4914	1.357
4915	1.326
4916	1.299
4917	1.279
4918	1.236
4919	1.228
4920	1.275
4921	1.158
4922	1.330
4923	1.326
4924	1.259
4925	1.349
4926	1.385
4927	1.353
4928	1.334
4929	1.216
4930	1.431
4931	1.377
4932	1.455
4933	1.478
4934	1.662
4935	1.623
4936	1.881
4937	1.713
4938	1.939
4939	2.084
4940	2.365
4941	1.975
4942	2.092
4943	1.904
4944	1.826
4963	1.189
4964	1.279
4965	1.342
4966	1.295
4967	1.338
4968	1.131
4969	1.134
4970	1.197
4971	1.045
4972	1.045
4973	1.095
4974	1.099
4975	1.717
4976	1.709
4977	1.627
4978	1.490
4979	1.588
4980	1.396
4981	1.287
4982	1.377
4983	1.431
4984	1.252
4985	1.138
4986	1.142
4987	1.115
4988	1.166
4989	1.185
4990	1.166
4991	1.107
4992	1.193
4993	1.318
4994	1.291
4995	1.295
4996	1.291
4997	1.275
4998	1.357
4999	1.388
5000	1.334
5001	1.310
5002	1.318
5003	1.224
5004	1.181
5005	1.205
5006	1.205
5007	1.248
5008	1.521
5009	1.385
5010	1.338
5011	1.318
5012	1.295
5013	1.271
5014	1.240
5015	1.224
5016	1.318
5017	1.279
5018	1.357
5019	1.338
5020	1.291
5021	1.256
5022	1.256
5023	1.216
5024	1.189
5025	1.240
5026	1.295
5027	1.345
5028	1.353
5029	1.275
5030	1.396
5031	1.357
5032	1.420
5033	1.392
5034	1.404
5035	1.365
5036	1.404
5037	1.404
5038	1.592
5039	1.494
5040	1.361
5041	1.424
5042	1.576
5043	1.314
5044	1.490
5045	1.693
5046	1.666
5047	1.717
5048	1.955
5067	1.400
5068	1.244
5069	1.353
5070	1.299
5071	1.330
5072	1.138
5073	1.068
5074	1.091
5075	1.045
5076	1.045
5077	1.080
5078	1.060
5079	1.170
5080	1.377
5081	1.474
5082	1.334
5083	1.615
5084	1.279
5085	1.127
5086	1.373
5087	1.209
5088	1.177
5089	1.123
5090	1.177
5091	1.220
5092	1.166
5093	1.197
5094	1.244
5095	1.205
5096	1.166
5097	1.318
5098	1.291
5099	1.345
5100	1.306
5101	1.291
5102	1.330
5103	1.392
5104	1.345
5105	1.459
5106	1.295
5107	1.138
5108	1.216
5109	1.173
5110	1.189
5111	1.295
5112	1.408
5113	1.302
5114	1.369
5115	1.213
5116	1.408
5117	1.404
5118	1.400
5119	1.326
5120	1.287
5121	1.349
5122	1.330
5123	1.252
5124	1.216
5125	1.162
5126	1.138
5127	1.142
5128	1.240
5129	1.314
5130	1.205
5131	1.330
5132	1.236
5133	1.275
5134	1.392
5135	1.373
5136	1.326
5137	1.388
5138	1.420
5139	1.295
5140	1.252
5141	1.291
5142	1.416
5143	1.740
5144	1.775
5145	1.732
5146	1.388
5147	2.201
5148	2.490
5149	2.5
5150	1.955
5151	2.139
5152	2.264
5169	1.224
5170	1.181
5171	1.271
5172	1.142
5173	1.115
5174	1.158
5175	1.115
5176	1.084
5177	1.131
5178	1.080
5179	1.138
5180	1.291
5181	1.259
5182	1.248
5183	1.306
5184	1.349
5185	1.279
5186	1.267
5187	1.205
5188	1.283
5189	1.170
5190	1.162
5191	1.244
5192	1.306
5193	1.209
5194	1.142
5195	1.173
5196	1.111
5197	1.138
5198	1.185
5199	1.209
5200	1.302
5201	1.310
5202	1.322
5203	1.377
5204	1.322
5205	1.365
5206	1.334
5207	1.377
5208	1.295
5209	1.244
5210	1.369
5211	1.392
5212	1.392
5213	1.443
5214	1.494
5215	1.416
5216	1.342
5217	1.275
5218	1.302
5219	1.287
5220	1.385
5221	1.467
5222	1.525
5223	1.443
5224	1.205
5225	1.162
5226	1.119
5227	1.099
5228	1.115
5229	1.158
5230	1.361
5231	1.373
5232	1.220
5233	1.271
5234	1.095
5235	1.095
5236	1.224
5237	1.299
5238	1.619
5239	1.357
5240	1.302
5241	1.275
5242	1.322
5243	1.584
5244	1.826
5245	2.5
5246	2.5
5247	2.143
5248	1.896
5249	2.5
5250	2.5
5251	2.5
5252	2.5
5253	2.5
5254	1.924
5271	1.127
5272	1.166
5273	1.197
5274	1.142
5275	1.150
5276	1.131
5277	1.131
5278	1.162
5279	1.173
5280	1.154
5281	1.252
5282	1.283
5283	1.248
5284	1.345
5285	1.435
5286	1.291
5287	1.345
5288	1.244
5289	1.216
5290	1.213
5291	1.216
5292	1.189
5293	1.228
5294	1.271
5295	1.299
5296	1.248
5297	1.349
5298	1.193
5299	1.216
5300	1.088
5301	1.107
5302	1.193
5303	1.279
5304	1.377
5305	1.205
5306	1.541
5307	1.365
5308	1.521
5309	1.369
5310	1.357
5311	1.408
5312	1.451
5313	1.244
5314	1.146
5315	1.334
5316	1.451
5317	1.443
5318	1.502
5319	1.642
5320	1.553
5321	1.408
5322	1.357
5323	1.369
5324	1.431
5325	1.357
5326	1.299
5327	1.220
5328	1.142
5329	1.170
5330	1.119
5331	1.142
5332	1.213
5333	1.287
5334	1.185
5335	1.131
5336	1.111
5337	1.263
5338	1.349
5339	1.295
5340	1.228
5341	1.345
5342	1.408
5343	1.420
5344	1.701
5345	1.975
5346	2.295
5347	2.5
5348	2.5
5349	2.5
5350	2.354
5351	2.5
5352	2.5
5353	2.5
5354	2.5
5355	2.5
5356	2.252
5373	1.185
5374	1.146
5375	1.185
5376	1.322
5377	1.392
5378	1.486
5379	1.224
5380	1.123
5381	1.150
5382	1.248
5383	1.365
5384	1.201
5385	1.209
5386	1.291
5387	1.185
5388	1.299
5389	1.279
5390	1.244
5391	1.392
5392	1.150
5393	1.111
5394	1.287
5395	1.381
5396	1.502
5397	1.576
5398	1.455
5399	1.420
5400	1.439
5401	1.318
5402	1.197
5403	1.181
5404	1.224
5405	1.373
5406	1.451
5407	1.326
5408	1.330
5409	1.373
5410	1.318
5411	1.392
5412	1.381
5413	1.435
5414	1.314
5415	1.111
5416	1.275
5417	1.467
5418	1.494
5419	1.400
5420	1.302
5421	1.412
5422	1.435
5423	1.365
5424	1.373
5425	1.314
5426	1.385
5427	1.385
5428	1.310
5429	1.256
5430	1.220
5431	1.213
5432	1.162
5433	1.162
5434	1.170
5435	1.271
5436	1.158
5437	1.279
5438	1.353
5439	1.396
5440	1.338
5441	1.553
5442	1.529
5443	1.588
5444	1.592
5445	1.662
5446	2.420
5447	2.5
5448	2.5
5449	2.5
5450	2.5
5451	2.5
5452	2.5
5453	2.5
5454	2.5
5455	2.5
5456	2.5
5457	2.5
5458	2.361
5475	1.119
5476	1.271
5477	1.138
5478	1.193
5479	1.209
5480	1.252
5481	1.166
5482	1.197
5483	1.166
5484	1.119
5485	1.318
5486	1.326
5487	1.236
5488	1.342
5489	1.236
5490	1.267
5491	1.510
5492	1.424
5493	1.252
5494	1.299
5495	1.756
5496	1.404
5497	1.584
5498	2.014
5499	1.603
5500	1.510
5501	1.427
5502	1.279
5503	1.150
5504	1.486
5505	1.396
5506	1.209
5507	1.213
5508	1.334
5509	1.404
5510	1.451
5511	1.498
5512	1.271
5513	1.322
5514	1.338
5515	1.474
5516	1.291
5517	1.213
5518	1.295
5519	1.338
5520	1.271
5521	1.357
5522	1.357
5523	1.412
5524	1.451
5525	1.420
5526	1.361
5527	1.545
5528	1.474
5529	1.467
5530	1.412
5531	1.338
5532	1.232
5533	1.166
5534	1.189
5535	1.197
5536	1.220
5537	1.295
5538	1.295
5539	1.201
5540	1.486
5541	1.424
5542	1.420
5543	1.556
5544	1.572
5545	1.564
5546	1.803
5547	1.803
5548	2.5
5549	2.5
5550	2.5
5551	2.5
5552	2.5
5553	2.5
5554	2.5
5555	2.5
5556	2.5
5557	2.5
5558	2.5
5559	2.5
5560	2.5
5577	1.287
5578	1.103
5579	1.123
5580	1.166
5581	1.213
5582	1.158
5583	1.263
5584	1.439
5585	1.205
5586	1.252
5587	1.291
5588	1.396
5589	1.213
5590	1.177
5591	1.283
5592	1.263
5593	1.236
5594	1.236
5595	1.338
5596	1.326
5597	2.5
5598	1.775
5599	1.615
5600	1.517
5601	1.248
5602	1.240
5603	1.396
5604	1.408
5605	1.357
5606	1.498
5607	1.244
5608	1.318
5609	1.263
5610	1.310
5611	1.400
5612	1.279
5613	1.388
5614	1.338
5615	1.314
5616	1.478
5617	1.599
5618	1.287
5619	1.318
5620	1.349
5621	1.248
5622	1.244
5623	1.330
5624	1.299
5625	1.330
5626	1.412
5627	1.459
5628	1.486
5629	1.486
5630	1.494
5631	1.377
5632	1.388
5633	1.318
5634	1.263
5635	1.240
5636	1.166
5637	1.201
5638	1.310
5639	1.338
5640	1.287
5641	1.338
5642	1.521
5643	1.685
5644	1.525
5645	1.658
5646	1.732
5647	1.701
5648	1.810
5649	1.701
5650	2.5
5651	2.5
5652	2.5
5653	2.5
5654	2.5
5655	2.5
5656	2.5
5657	2.5
5658	2.5
5659	2.5
5660	2.5
5661	2.5
5662	2.201
5663	2.369
5664	2.049
5681	1.228
5682	1.357
5683	1.240
5684	1.236
5685	1.470
5686	1.228
5687	1.424
5688	1.365
5689	1.365
5690	1.302
5691	1.170
5692	1.506
5693	1.252
5694	1.213
5695	1.431
5696	1.326
5697	1.467
5698	1.474
5699	1.408
5700	2.084
5701	2.5
5702	1.287
5703	1.150
5704	1.338
5705	1.420
5706	1.631
5707	1.568
5708	1.478
5709	1.330
5710	1.216
5711	1.131
5712	1.361
5713	1.209
5714	1.248
5715	1.244
5716	1.314
5717	1.271
5718	1.385
5719	1.377
5720	1.334
5721	1.416
5722	1.244
5723	1.318
5724	1.306
5725	1.295
5726	1.263
5727	1.349
5728	1.291
5729	1.412
5730	1.455
5731	1.326
5732	1.345
5733	1.431
5734	1.291
5735	1.177
5736	1.365
5737	1.404
5738	1.302
5739	1.185
5740	1.295
5741	1.220
5742	1.299
5743	1.322
5744	1.302
5745	1.357
5746	1.478
5747	1.736
5748	1.678
5749	1.646
5750	1.689
5751	1.779
5752	1.498
5753	1.646
5754	2.248
5755	2.5
5756	2.5
5757	2.5
5758	2.5
5759	2.5
5760	2.5
5761	2.5
5762	2.5
5763	2.5
5764	2.5
5765	2.5
5766	2.5
5767	2.5
5768	2.322
5783	1.283
5784	1.388
5785	1.170
5786	1.584
5787	1.408
5788	1.173
5789	1.236
5790	1.263
5791	1.306
5792	1.256
5793	1.173
5794	1.299
5795	1.220
5796	1.275
5797	1.486
5798	1.365
5799	1.388
5800	1.463
5801	1.486
5802	2.361
5803	1.767
5804	1.232
5805	1.385
5806	1.447
5807	1.459
5808	1.572
5809	1.459
5810	1.568
5811	1.279
5812	1.170
5813	1.330
5814	1.142
5815	1.095
5816	1.240
5817	1.302
5818	1.314
5819	1.283
5820	1.345
5821	1.447
5822	1.412
5823	1.267
5824	1.236
5825	1.240
5826	1.334
5827	1.287
5828	1.173
5829	1.205
5830	1.248
5831	1.275
5832	1.385
5833	1.373
5834	1.338
5835	1.420
5836	1.369
5837	1.357
5838	1.482
5839	1.322
5840	1.365
5841	1.173
5842	1.302
5843	1.424
5844	1.287
5845	1.420
5846	1.369
5847	1.455
5848	1.713
5849	1.674
5850	1.549
5851	1.615
5852	1.838
5853	1.537
5854	1.842
5855	1.920
5856	1.912
5857	2.064
5858	2.5
5859	2.5
5860	2.5
5861	2.5
5862	2.5
5863	2.5
5864	2.5
5865	2.5
5866	2.5
5867	2.135
5868	2.5
5869	2.5
5870	2.5
5885	1.334
5886	1.263
5887	1.306
5888	1.252
5889	1.177
5890	1.170
5891	1.123
5892	1.150
5893	1.107
5894	1.138
5895	1.060
5896	1.091
5897	1.205
5898	1.302
5899	1.259
5900	1.224
5901	1.209
5902	1.537
5903	1.537
5904	1.818
5905	1.431
5906	1.248
5907	1.427
5908	1.388
5909	1.474
5910	1.611
5911	1.326
5912	1.490
5913	1.467
5914	1.416
5915	1.502
5916	1.314
5917	1.119
5918	1.103
5919	1.302
5920	1.345
5921	1.267
5922	1.220
5923	1.263
5924	1.189
5925	1.220
5926	1.259
5927	1.275
5928	1.256
5929	1.201
5930	1.173
5931	1.181
5932	1.322
5933	1.299
5934	1.299
5935	1.166
5936	1.181
5937	1.467
5938	1.334
5939	1.342
5940	1.353
5941	1.279
5942	1.345
5943	1.291
5944	1.259
5945	1.326
5946	1.279
5947	1.510
5948	1.357
5949	1.517
5950	1.588
5951	1.869
5952	1.678
5953	1.810
5954	1.642
5955	1.975
5956	2.100
5957	2.115
5958	1.850
5959	1.693
5960	2.318
5961	2.104
5962	2.084
5963	2.5
5964	2.5
5965	2.5
5966	2.5
5967	2.5
5968	2.5
5969	2.123
5970	2.5
5971	2.5
5972	2.5
5987	1.338
5988	1.361
5989	1.338
5990	1.283
5991	1.158
5992	1.095
5993	1.052
5994	1.162
5995	1.103
5996	1.123
5997	1.107
5998	1.119
5999	1.318
6000	1.224
6001	1.306
6002	1.232
6003	1.349
6004	1.213
6005	1.400
6006	1.275
6007	1.420
6008	1.369
6009	1.349
6010	1.451
6011	1.474
6012	1.685
6013	1.482
6014	1.529
6015	1.584
6016	1.420
6017	1.560
6018	1.545
6019	1.306
6020	1.177
6021	1.224
6022	1.166
6023	1.189
6024	1.181
6025	1.224
6026	1.365
6027	1.181
6028	1.091
6029	1.259
6030	1.291
6031	1.181
6032	1.123
6033	1.275
6034	1.338
6035	1.400
6036	1.306
6037	1.295
6038	1.326
6039	1.252
6040	1.326
6041	1.287
6042	1.482
6043	1.412
6044	1.318
6045	1.302
6046	1.349
6047	1.259
6048	1.345
6049	1.584
6050	1.478
6051	1.510
6052	1.619
6053	1.646
6054	1.646
6055	1.979
6056	2.119
6057	2.064
6058	2.084
6059	2.287
6060	1.740
6061	1.334
6062	1.900
6063	1.967
6064	1.896
6065	2.5
6066	2.5
6067	2.5
6068	2.5
6069	2.5
6070	2.373
6071	2.5
6072	2.5
6073	2.5
6074	2.5
6089	1.361
6090	1.240
6091	1.213
6092	1.213
6093	1.205
6094	1.259
6095	1.099
6096	1.080
6097	1.088
6098	1.091
6099	1.185
6100	1.119
6101	1.259
6102	1.240
6103	1.216
6104	1.201
6105	1.162
6106	1.439
6107	1.474
6108	1.459
6109	1.529
6110	1.314
6111	1.424
6112	1.427
6113	1.740
6114	1.685
6115	1.709
6116	1.724
6117	1.771
6118	1.427
6119	1.400
6120	1.517
6121	1.377
6122	1.291
6123	1.209
6124	1.099
6125	1.232
6126	1.220
6127	1.271
6128	1.392
6129	1.197
6130	1.166
6131	1.330
6132	1.295
6133	1.209
6134	1.228
6135	1.377
6136	1.685
6137	1.427
6138	1.279
6139	1.381
6140	1.287
6141	1.228
6142	1.267
6143	1.326
6144	1.513
6145	1.592
6146	1.381
6147	1.326
6148	1.326
6149	1.334
6150	1.396
6151	1.615
6152	1.701
6153	1.404
6154	1.556
6155	1.705
6156	1.744
6157	1.865
6158	1.713
6159	1.662
6160	1.998
6161	1.959
6162	2.162
6163	1.986
6164	2.186
6165	1.365
6166	2.186
6167	2.471
6168	2.5
6169	2.5
6170	2.5
6171	2.5
6172	2.5
6173	2.5
6174	2.5
6175	2.5
6176	2.5
6191	1.353
6192	1.302
6193	1.232
6194	1.224
6195	1.220
6196	1.138
6197	1.209
6198	1.080
6199	1.088
6200	1.107
6201	1.146
6202	1.119
6203	1.240
6204	1.259
6205	1.158
6206	1.201
6207	1.213
6208	1.420
6209	1.349
6210	1.498
6211	1.412
6212	1.318
6213	1.576
6214	1.248
6215	1.388
6216	1.330
6217	1.596
6218	1.642
6219	1.701
6220	1.705
6221	1.302
6222	1.240
6223	1.373
6224	1.271
6225	1.295
6226	1.209
6227	1.177
6228	1.216
6229	1.291
6230	1.291
6231	1.267
6232	1.173
6233	1.392
6234	1.338
6235	1.220
6236	1.240
6237	1.404
6238	1.373
6239	1.170
6240	1.201
6241	1.173
6242	1.142
6243	1.185
6244	1.302
6245	1.220
6246	1.228
6247	1.373
6248	1.404
6249	1.724
6250	1.760
6251	1.592
6252	1.451
6253	1.576
6254	1.560
6255	1.478
6256	1.517
6257	1.385
6258	1.865
6259	1.693
6260	1.787
6261	1.728
6262	1.451
6263	1.592
6264	1.889
6265	1.924
6266	1.791
6267	1.545
6268	1.822
6269	2.5
6270	2.5
6271	2.5
6272	2.5
6273	2.5
6274	2.5
6275	2.5
6276	2.5
6277	2.5
6278	2.5
6279	2.5
6280	2.123
6295	1.302
6296	1.291
6297	1.119
6298	1.275
6299	1.213
6300	1.138
6301	1.170
6302	1.095
6303	1.080
6304	1.154
6305	1.236
6306	1.275
6307	1.189
6308	1.392
6309	1.279
6310	1.259
6311	1.205
6312	1.408
6313	1.424
6314	1.611
6315	1.443
6316	1.357
6317	1.427
6318	1.486
6319	1.502
6320	1.572
6321	1.701
6322	1.807
6323	1.896
6324	1.826
6325	1.455
6326	1.326
6327	1.267
6328	1.252
6329	1.185
6330	1.213
6331	1.173
6332	1.213
6333	1.310
6334	1.322
6335	1.271
6336	1.197
6337	1.248
6338	1.361
6339	1.373
6340	1.330
6341	1.361
6342	1.342
6343	1.170
6344	1.185
6345	1.193
6346	1.185
6347	1.252
6348	1.232
6349	1.232
6350	1.177
6351	1.099
6352	1.220
6353	1.295
6354	1.318
6355	1.381
6356	1.388
6357	1.748
6358	1.431
6359	1.478
6360	1.385
6361	1.412
6362	1.709
6363	1.846
6364	1.506
6365	1.631
6366	1.541
6367	1.666
6368	2.272
6369	1.670
6370	1.818
6371	2.197
6372	1.689
6373	1.709
6374	2.5
6375	2.5
6376	2.5
6377	2.5
6378	2.5
6379	2.5
6380	2.5
6381	2.5
6382	2.5
6383	2.5
6384	2.5
6397	1.166
6398	1.244
6399	1.134
6400	1.345
6401	1.111
6402	1.127
6403	1.134
6404	1.111
6405	1.146
6406	1.259
6407	1.224
6408	1.166
6409	1.201
6410	1.357
6411	1.173
6412	1.248
6413	1.213
6414	1.377
6415	1.521
6416	1.463
6417	1.275
6418	1.627
6419	1.306
6420	1.134
6421	1.666
6422	1.814
6423	1.553
6424	1.732
6425	1.549
6426	1.580
6427	1.342
6428	1.353
6429	1.392
6430	1.385
6431	1.283
6432	1.205
6433	1.256
6434	1.314
6435	1.334
6436	1.326
6437	1.392
6438	1.357
6439	1.267
6440	1.342
6441	1.412
6442	1.451
6443	1.342
6444	1.302
6445	1.228
6446	1.189
6447	1.213
6448	1.213
6449	1.158
6450	1.209
6451	1.158
6452	1.134
6453	1.084
6454	1.150
6455	1.310
6456	1.353
6457	1.310
6458	1.408
6459	1.525
6460	1.388
6461	1.517
6462	1.365
6463	1.342
6464	1.588
6465	1.889
6466	1.521
6467	1.408
6468	1.744
6469	2.045
6470	1.936
6471	2.252
6472	2.193
6473	2.5
6474	2.018
6475	1.885
6476	2.5
6477	2.5
6478	2.5
6479	2.5
6480	2.5
6481	2.5
6482	2.5
6483	2.5
6484	2.5
6485	2.5
6486	2.150
6499	1.115
6500	1.240
6501	1.302
6502	1.224
6503	1.177
6504	1.099
6505	1.248
6506	1.271
6507	1.131
6508	1.271
6509	1.193
6510	1.240
6511	1.127
6512	1.162
6513	1.162
6514	1.127
6515	1.201
6516	1.431
6517	1.553
6518	1.369
6519	1.377
6520	1.490
6521	1.392
6522	1.334
6523	1.576
6524	1.611
6525	1.639
6526	1.470
6527	1.283
6528	1.267
6529	1.283
6530	1.369
6531	1.342
6532	1.396
6533	1.244
6534	1.213
6535	1.416
6536	1.494
6537	1.334
6538	1.443
6539	1.287
6540	1.291
6541	1.271
6542	1.326
6543	1.342
6544	1.326
6545	1.236
6546	1.256
6547	1.338
6548	1.302
6549	1.146
6550	1.189
6551	1.279
6552	1.197
6553	1.232
6554	1.209
6555	1.177
6556	1.177
6557	1.295
6558	1.334
6559	1.302
6560	1.416
6561	1.435
6562	1.299
6563	1.424
6564	1.326
6565	1.318
6566	1.611
6567	1.572
6568	1.517
6569	1.822
6570	1.853
6571	1.732
6572	2.021
6573	2.303
6574	2.5
6575	2.123
6576	2.471
6577	2.5
6578	2.5
6579	2.5
6580	2.5
6581	2.5
6582	2.5
6583	2.5
6584	2.5
6585	2.5
6586	2.5
6587	2.5
6588	2.318
6601	1.267
6602	1.240
6603	1.388
6604	1.326
6605	1.213
6606	1.119
6607	1.275
6608	1.486
6609	1.263
6610	1.224
6611	1.216
6612	1.201
6613	1.162
6614	1.220
6615	1.318
6616	1.170
6617	1.189
6618	1.420
6619	1.439
6620	1.490
6621	1.607
6622	1.748
6623	1.513
6624	1.373
6625	1.427
6626	1.529
6627	1.752
6628	1.424
6629	1.267
6630	1.177
6631	1.377
6632	1.295
6633	1.455
6634	1.291
6635	1.201
6636	1.252
6637	1.455
6638	1.478
6639	1.306
6640	1.392
6641	1.349
6642	1.396
6643	1.209
6644	1.295
6645	1.396
6646	1.216
6647	1.170
6648	1.263
6649	1.228
6650	1.197
6651	1.213
6652	1.322
6653	1.127
6654	1.166
6655	1.334
6656	1.283
6657	1.287
6658	1.392
6659	1.279
6660	1.236
6661	1.392
6662	1.416
6663	1.506
6664	1.385
6665	1.318
6666	1.381
6667	1.205
6668	1.240
6669	1.431
6670	1.342
6671	1.455
6672	1.580
6673	1.607
6674	2.061
6675	2.002
6676	1.916
6677	2.111
6678	1.682
6679	2.5
6680	2.5
6681	2.5
6682	2.5
6683	2.5
6684	2.5
6685	2.5
6686	2.5
6687	2.5
6688	2.5
6689	2.170
6690	2.494
6704	1.263
6705	1.220
6706	1.392
6707	1.213
6708	1.259
6709	1.236
6710	1.236
6711	1.248
6712	1.318
6713	1.263
6714	1.326
6715	1.240
6716	1.166
6717	1.216
6718	1.302
6719	1.373
6720	1.420
6721	1.416
6722	1.447
6723	1.533
6724	1.662
6725	1.842
6726	1.701
6727	1.541
6728	1.455
6729	1.256
6730	1.338
6731	1.369
6732	1.248
6733	1.314
6734	1.299
6735	1.416
6736	1.529
6737	1.283
6738	1.291
6739	1.271
6740	1.244
6741	1.283
6742	1.299
6743	1.299
6744	1.365
6745	1.299
6746	1.361
6747	1.353
6748	1.224
6749	1.181
6750	1.291
6751	1.607
6752	1.427
6753	1.259
6754	1.220
6755	1.146
6756	1.131
6757	1.189
6758	1.138
6759	1.131
6760	1.201
6761	1.154
6762	1.205
6763	1.314
6764	1.326
6765	1.431
6766	1.486
6767	1.318
6768	1.302
6769	1.287
6770	1.420
6771	1.431
6772	1.373
6773	1.470
6774	1.556
6775	2.018
6776	1.967
6777	2.076
6778	2.088
6779	1.994
6780	2.5
6781	2.5
6782	2.5
6783	2.5
6784	2.5
6785	2.5
6786	2.5
6787	2.5
6788	2.5
6789	2.5
6790	2.5
6791	2.5
6792	1.588
6805	1.263
6806	1.342
6807	1.287
6808	1.318
6809	1.431
6810	1.377
6811	1.295
6812	1.369
6813	1.326
6814	1.345
6815	1.334
6816	1.443
6817	1.345
6818	1.310
6819	1.224
6820	1.275
6821	1.553
6822	1.420
6823	1.310
6824	1.420
6825	1.627
6826	1.474
6827	1.306
6828	1.240
6829	1.279
6830	1.342
6831	1.330
6832	1.240
6833	1.400
6834	1.369
6835	1.545
6836	1.412
6837	1.385
6838	1.596
6839	1.381
6840	1.334
6841	1.244
6842	1.310
6843	1.283
6844	1.279
6845	1.377
6846	1.506
6847	1.404
6848	1.342
6849	1.232
6850	1.232
6851	1.494
6852	1.470
6853	1.513
6854	1.377
6855	1.267
6856	1.338
6857	1.170
6858	1.068
6859	1.123
6860	1.072
6861	1.084
6862	1.256
6863	1.252
6864	1.342
6865	1.361
6866	1.912
6867	1.314
6868	1.189
6869	1.299
6870	1.392
6871	1.263
6872	1.236
6873	1.318
6874	1.623
6875	1.678
6876	1.936
6877	2.322
6878	2.084
6879	1.986
6880	2.5
6881	2.5
6882	2.5
6883	2.5
6884	2.5
6885	2.5
6886	2.5
6887	2.5
6888	2.5
6889	2.5
6890	2.5
6891	2.307
6892	2.057
6905	1.213
6906	1.314
6907	1.486
6908	1.330
6909	1.385
6910	1.392
6911	1.345
6912	1.439
6913	1.314
6914	1.345
6915	1.326
6916	1.349
6917	1.322
6918	1.287
6919	1.220
6920	1.291
6921	1.299
6922	1.345
6923	1.259
6924	1.349
6925	1.342
6926	1.267
6927	1.236
6928	1.248
6929	1.201
6930	1.228
6931	1.224
6932	1.185
6933	1.236
6934	1.342
6935	1.572
6936	1.639
6937	1.502
6938	1.537
6939	1.388
6940	1.502
6941	1.373
6942	1.517
6943	1.302
6944	1.306
6945	1.330
6946	1.478
6947	1.357
6948	1.287
6949	1.283
6950	1.459
6951	1.529
6952	1.318
6953	1.447
6954	1.299
6955	1.494
6956	1.392
6957	1.424
6958	1.150
6959	1.072
6960	1.064
6961	1.084
6962	1.138
6963	1.248
6964	1.283
6965	1.334
6966	1.201
6967	1.467
6968	1.295
6969	1.205
6970	1.486
6971	1.154
6972	1.216
6973	1.439
6974	1.529
6975	1.650
6976	1.697
6977	1.537
6978	1.893
6979	2.045
6980	2.5
6981	2.5
6982	2.5
6983	2.5
6984	2.5
6985	2.5
6986	2.5
6987	2.5
6988	2.5
6989	2.5
6990	2.5
6991	2.5
6992	2.111
7006	1.306
7007	1.361
7008	1.365
7009	1.443
7010	1.717
7011	1.357
7012	1.447
7013	1.381
7014	1.330
7015	1.240
7016	1.228
7017	1.091
7018	1.154
7019	1.224
7020	1.150
7021	1.131
7022	1.216
7023	1.154
7024	1.189
7025	1.201
7026	1.369
7027	1.416
7028	1.228
7029	1.209
7030	1.349
7031	1.248
7032	1.342
7033	1.416
7034	1.728
7035	1.756
7036	1.861
7037	1.635
7038	1.427
7039	1.322
7040	1.494
7041	1.494
7042	1.545
7043	1.400
7044	1.396
7045	1.662
7046	1.904
7047	1.619
7048	1.627
7049	1.619
7050	1.556
7051	1.388
7052	1.334
7053	1.533
7054	1.365
7055	1.580
7056	1.517
7057	1.404
7058	1.271
7059	1.158
7060	1.072
7061	1.107
7062	1.185
7063	1.302
7064	1.275
7065	1.342
7066	1.877
7067	1.431
7068	1.185
7069	1.349
7070	1.517
7071	2.100
7072	1.420
7073	1.412
7074	1.533
7075	1.424
7076	1.682
7077	1.752
7078	1.705
7079	1.775
7080	2.135
7081	2.5
7082	2.326
7083	2.5
7084	2.5
7085	2.5
7086	2.5
7087	2.5
7088	2.5
7089	2.5
7090	2.5
7091	2.5
7092	2.5
7107	1.400
7108	1.447
7109	1.424
7110	1.357
7111	1.353
7112	1.752
7113	1.467
7114	1.334
7115	1.177
7116	1.220
7117	1.095
7118	1.111
7119	1.185
7120	1.193
7121	1.232
7122	1.259
7123	1.181
7124	1.134
7125	1.271
7126	1.682
7127	1.494
7128	1.236
7129	1.318
7130	1.373
7131	1.596
7132	1.560
7133	1.580
7134	1.814
7135	1.607
7136	1.619
7137	1.693
7138	1.345
7139	1.494
7140	1.893
7141	1.842
7142	2.279
7143	2.045
7144	1.896
7145	1.760
7146	1.654
7147	1.549
7148	1.467
7149	1.564
7150	1.510
7151	1.674
7152	1.580
7153	1.588
7154	1.678
7155	1.545
7156	1.435
7157	1.424
7158	1.400
7159	1.236
7160	1.154
7161	1.154
7162	1.252
7163	1.326
7164	1.295
7165	1.400
7166	2.287
7167	2.205
7168	2.197
7169	1.662
7170	2.5
7171	2.346
7172	1.560
7173	1.295
7174	1.545
7175	1.615
7176	1.807
7177	1.814
7178	1.928
7179	1.709
7180	1.623
7181	2.186
7182	2.5
7183	2.5
7184	2.5
7185	2.5
7186	2.5
7187	2.5
7188	2.5
7189	2.5
7190	2.5
7191	2.5
7192	2.5
7207	1.228
7208	1.224
7209	1.267
7210	1.299
7211	1.529
7212	1.795
7213	1.662
7214	1.377
7215	1.177
7216	1.158
7217	1.107
7218	1.103
7219	1.162
7220	1.154
7221	1.166
7222	1.306
7223	1.373
7224	1.173
7225	1.381
7226	1.853
7227	1.721
7228	1.482
7229	1.259
7230	1.502
7231	1.607
7232	1.701
7233	1.791
7234	1.857
7235	1.896
7236	1.728
7237	1.752
7238	1.799
7239	1.779
7240	1.986
7241	1.924
7242	2.381
7243	2.330
7244	2.412
7245	2.5
7246	2.190
7247	1.951
7248	1.850
7249	1.990
7250	1.623
7251	1.752
7252	1.861
7253	1.857
7254	2.127
7255	1.947
7256	1.889
7257	1.857
7258	1.697
7259	1.611
7260	1.299
7261	1.166
7262	1.197
7263	1.224
7264	1.224
7265	1.338
7266	1.365
7267	2.201
7268	2.5
7269	2.5
7270	2.5
7271	2.5
7272	1.623
7273	1.865
7274	1.318
7275	1.373
7276	1.474
7277	1.658
7278	1.869
7279	1.760
7280	1.549
7281	1.689
7282	2.5
7283	2.401
7284	2.5
7285	2.5
7286	2.5
7287	2.5
7288	2.5
7289	2.5
7290	2.5
7291	2.5
7292	2.5
7293	2.5
7294	2.5
7310	1.162
7311	1.166
7312	1.369
7313	1.678
7314	1.654
7315	1.572
7316	1.396
7317	1.365
7318	1.107
7319	1.107
7320	1.091
7321	1.123
7322	1.263
7323	1.236
7324	1.275
7325	1.197
7326	1.213
7327	1.213
7328	1.400
7329	1.666
7330	1.381
7331	1.267
7332	1.427
7333	1.470
7334	1.760
7335	1.896
7336	1.603
7337	1.846
7338	2.061
7339	1.928
7340	1.853
7341	2.154
7342	2.123
7343	1.979
7344	2.053
7345	2.361
7346	2.5
7347	2.5
7348	2.393
7349	2.139
7350	2.244
7351	2.029
7352	2.209
7353	2.209
7354	1.498
7355	1.611
7356	1.967
7357	1.689
7358	1.955
7359	2.303
7360	2.5
7361	2.186
7362	1.580
7363	1.439
7364	1.166
7365	1.131
7366	1.279
7367	1.244
7368	1.318
7369	1.392
7370	2.186
7371	2.5
7372	2.5
7373	2.5
7374	2.5
7375	2.5
7376	1.427
7377	1.334
7378	1.404
7379	1.459
7380	1.736
7381	1.865
7382	1.846
7383	2.361
7384	1.685
7385	2.5
7386	2.5
7387	2.5
7388	2.5
7389	2.5
7390	2.5
7391	2.5
7392	2.5
7393	2.5
7394	2.307
7395	2.455
7396	2.5
7411	1.592
7412	1.502
7413	1.420
7414	1.353
7415	1.427
7416	1.654
7417	1.498
7418	1.256
7419	1.095
7420	1.095
7421	1.080
7422	1.166
7423	1.162
7424	1.248
7425	1.111
7426	1.150
7427	1.244
7428	1.291
7429	1.424
7430	1.361
7431	1.256
7432	1.314
7433	1.412
7434	1.474
7435	1.529
7436	1.646
7437	1.916
7438	1.951
7439	1.971
7440	1.924
7441	2.217
7442	2.221
7443	2.272
7444	2.248
7445	2.428
7446	2.5
7447	2.420
7448	2.061
7449	1.928
7450	2.061
7451	2.365
7452	1.513
7453	2.045
7454	1.787
7455	1.424
7456	1.611
7457	1.791
7458	2.154
7459	2.233
7460	2.045
7461	2.311
7462	2.096
7463	2.150
7464	1.736
7465	1.232
7466	1.119
7467	1.154
7468	1.150
7469	1.658
7470	1.771
7471	2.5
7472	2.5
7473	2.150
7474	2.5
7475	2.5
7476	2.072
7477	1.439
7478	1.369
7479	1.490
7480	1.646
7481	2.205
7482	2.5
7483	2.334
7484	2.5
7485	2.5
7486	2.5
7487	2.5
7488	2.5
7489	2.5
7490	2.5
7491	2.5
7492	2.5
7493	2.5
7494	2.5
7495	2.5
7496	2.5
7511	1.177
7512	1.299
7513	1.459
7514	1.521
7515	1.611
7516	1.818
7517	1.510
7518	1.431
7519	1.189
7520	1.127
7521	1.084
7522	1.099
7523	1.279
7524	1.181
7525	1.193
7526	1.244
7527	1.291
7528	1.342
7529	1.431
7530	1.349
7531	1.197
7532	1.330
7533	1.412
7534	1.385
7535	1.767
7536	1.701
7537	1.771
7538	1.893
7539	2.025
7540	1.627
7541	2.256
7542	2.315
7543	2.463
7544	2.5
7545	2.311
7546	2.451
7547	2.076
7548	2.252
7549	1.701
7550	2.217
7551	2.424
7552	2.150
7553	2.252
7554	2.299
7555	2.115
7556	2.123
7557	1.662
7558	1.697
7559	1.877
7560	2.064
7561	2.150
7562	2.154
7563	2.291
7564	1.904
7565	1.279
7566	1.084
7567	1.107
7568	1.154
7569	1.623
7570	1.490
7571	1.498
7572	2.5
7573	2.5
7574	2.5
7575	2.5
7576	2.5
7577	1.424
7578	1.314
7579	1.603
7580	2.033
7581	2.045
7582	2.5
7583	2.5
7584	2.5
7585	2.5
7586	2.5
7587	2.5
7588	2.5
7589	2.5
7590	2.5
7591	2.5
7592	2.5
7593	2.5
7594	2.5
7595	2.5
7596	2.5
7612	1.349
7613	1.420
7614	1.623
7615	1.447
7616	1.877
7617	1.666
7618	1.646
7619	1.150
7620	1.173
7621	1.197
7622	1.291
7623	1.275
7624	1.392
7625	1.365
7626	1.334
7627	1.291
7628	1.388
7629	1.342
7630	1.256
7631	1.275
7632	1.412
7633	1.431
7634	1.443
7635	1.521
7636	1.549
7637	1.736
7638	1.853
7639	1.787
7640	2.021
7641	2.244
7642	2.209
7643	2.291
7644	2.412
7645	2.5
7646	2.311
7647	2.233
7648	2.295
7649	2.111
7650	2.154
7651	2.424
7652	2.436
7653	2.061
7654	2.354
7655	2.303
7656	2.240
7657	1.908
7658	1.541
7659	1.818
7660	2.162
7661	2.307
7662	2.268
7663	2.190
7664	2.143
7665	1.799
7666	1.470
7667	1.193
7668	1.127
7669	1.267
7670	2.139
7671	1.447
7672	2.5
7673	2.5
7674	2.5
7675	1.494
7676	1.685
7677	2.479
7678	2.162
7679	1.986
7680	1.955
7681	2.459
7682	2.483
7683	2.5
7684	2.5
7685	2.5
7686	2.5
7687	2.5
7688	2.5
7689	2.5
7690	2.5
7691	2.5
7692	2.5
7693	2.5
7694	2.5
7695	2.5
7696	2.5
7713	1.236
7714	1.119
7715	1.439
7716	2.143
7717	1.775
7718	1.619
7719	1.275
7720	1.408
7721	1.295
7722	1.213
7723	1.256
7724	1.302
7725	1.404
7726	1.396
7727	1.275
7728	1.193
7729	1.209
7730	1.259
7731	1.263
7732	1.377
7733	1.506
7734	1.490
7735	1.416
7736	1.521
7737	1.728
7738	1.427
7739	1.498
7740	1.611
7741	1.893
7742	2.244
7743	2.326
7744	2.315
7745	1.947
7746	1.838
7747	1.869
7748	1.896
7749	2.076
7750	2.299
7751	2.377
7752	2.361
7753	2.229
7754	2.264
7755	2.045
7756	2.244
7757	1.998
7758	1.674
7759	1.756
7760	1.705
7761	2.432
7762	2.361
7763	2.440
7764	2.221
7765	2.150
7766	1.807
7767	1.150
7768	1.166
7769	1.170
7770	1.404
7771	1.318
7772	2.5
7773	2.5
7774	2.5
7775	2.5
7776	2.5
7777	1.947
7778	2.5
7779	2.487
7780	2.5
7781	2.5
7782	2.5
7783	2.471
7784	2.045
7785	2.5
7786	2.5
7787	2.5
7788	2.5
7789	2.5
7790	2.5
7791	2.5
7792	2.5
7793	2.5
7794	2.5
7795	2.5
7796	2.5
7811	1.189
7812	1.349
7813	1.404
7814	1.857
7815	2.045
7816	1.717
7817	1.701
7818	1.533
7819	1.259
7820	1.177
7821	1.326
7822	1.349
7823	1.412
7824	1.345
7825	1.197
7826	1.123
7827	1.146
7828	1.213
7829	1.216
7830	1.396
7831	1.357
7832	1.510
7833	1.314
7834	1.322
7835	1.170
7836	1.216
7837	1.345
7838	1.478
7839	1.717
7840	1.736
7841	1.596
7842	1.443
7843	1.615
7844	1.900
7845	2.096
7846	2.154
7847	2.361
7848	2.365
7849	2.072
7850	2.338
7851	2.311
7852	2.350
7853	2.049
7854	2.139
7855	2.084
7856	1.928
7857	2.174
7858	2.092
7859	2.037
7860	1.920
7861	2.279
7862	2.225
7863	1.920
7864	1.553
7865	1.091
7866	1.205
7867	1.185
7868	1.666
7869	1.213
7870	2.244
7871	2.5
7872	2.5
7873	2.5
7874	2.5
7875	2.5
7876	2.5
7877	1.955
7878	2.5
7879	2.5
7880	2.5
7881	2.5
7882	2.5
7883	2.5
7884	2.5
7885	2.5
7886	2.5
7887	2.5
7888	2.5
7889	2.5
7890	2.5
7891	2.5
7892	2.5
7893	2.5
7894	2.5
7910	1.236
7911	1.396
7912	1.404
7913	1.635
7914	1.689
7915	1.994
7916	1.908
7917	1.162
7918	1.236
7919	1.158
7920	1.271
7921	1.306
7922	1.373
7923	1.240
7924	1.248
7925	1.189
7926	1.173
7927	1.291
7928	1.197
7929	1.193
7930	1.263
7931	1.306
7932	1.287
7933	1.185
7934	1.154
7935	1.404
7936	1.756
7937	1.717
7938	1.728
7939	1.701
7940	1.904
7941	1.861
7942	2.147
7943	2.455
7944	2.459
7945	2.233
7946	2.315
7947	2.287
7948	2.190
7949	1.834
7950	1.744
7951	2.002
7952	2.025
7953	2.115
7954	2.209
7955	2.264
7956	2.143
7957	2.260
7958	2.104
7959	1.912
7960	2.260
7961	1.912
7962	1.674
7963	1.099
7964	1.170
7965	1.177
7966	1.596
7967	1.596
7968	1.936
7969	2.5
7970	2.5
7971	2.5
7972	2.5
7973	2.5
7974	2.5
7975	2.5
7976	2.5
7977	2.5
7978	2.178
7979	2.5
7980	2.5
7981	2.5
7982	2.5
7983	2.5
7984	2.5
7985	2.5
7986	2.5
7987	2.5
7988	2.5
7989	2.5
7990	2.5
7991	2.5
7992	2.5
8009	1.162
8010	1.427
8011	1.392
8012	1.603
8013	1.963
8014	1.678
8015	1.162
8016	1.349
8017	1.310
8018	1.236
8019	1.209
8020	1.322
8021	1.220
8022	1.279
8023	1.232
8024	1.138
8025	1.189
8026	1.283
8027	1.498
8028	1.662
8029	1.435
8030	1.162
8031	1.259
8032	1.224
8033	1.314
8034	1.404
8035	1.334
8036	1.478
8037	1.545
8038	1.693
8039	2.080
8040	2.107
8041	2.346
8042	2.127
8043	2.064
8044	2.229
8045	2.252
8046	2.217
8047	2.123
8048	1.955
8049	1.873
8050	1.908
8051	2.045
8052	1.779
8053	1.924
8054	1.810
8055	2.006
8056	2.240
8057	2.240
8058	2.233
8059	2.252
8060	1.838
8061	1.115
8062	1.084
8063	1.185
8064	1.674
8065	1.611
8066	1.443
8067	2.5
8068	2.5
8069	2.5
8070	2.5
8071	2.5
8072	2.5
8073	2.5
8074	2.5
8075	2.451
8076	1.889
8077	1.916
8078	2.401
8079	2.393
8080	2.5
8081	2.5
8082	2.5
8083	2.5
8084	2.5
8085	2.5
8086	2.5
8087	2.5
8088	2.5
8089	2.5
8090	2.5
8091	2.5
8092	2.5
8109	1.162
8110	1.369
8111	1.502
8112	1.525
8113	1.963
8114	2.131
8115	1.826
8116	1.271
8117	1.357
8118	1.349
8119	1.326
8120	1.216
8121	1.162
8122	1.185
8123	1.330
8124	1.459
8125	1.279
8126	1.517
8127	1.572
8128	1.662
8129	1.529
8130	1.338
8131	1.213
8132	1.189
8133	1.256
8134	1.299
8135	1.650
8136	1.342
8137	1.361
8138	1.392
8139	1.642
8140	1.967
8141	2.346
8142	2.248
8143	1.896
8144	1.775
8145	1.916
8146	1.814
8147	1.545
8148	1.740
8149	1.756
8150	1.697
8151	1.752
8152	1.728
8153	1.474
8154	1.939
8155	2.033
8156	2.264
8157	2.041
8158	2.338
8159	2.381
8160	1.779
8161	1.088
8162	1.107
8163	1.127
8164	2.025
8165	1.658
8166	1.349
8167	2.5
8168	2.5
8169	2.5
8170	2.5
8171	2.5
8172	2.5
8173	2.5
8174	2.5
8175	2.5
8176	2.299
8177	2.143
8178	2.5
8179	2.420
8180	2.5
8181	2.291
8182	2.5
8183	2.5
8184	2.5
8185	2.5
8186	2.5
8187	2.5
8188	2.5
8189	2.5
8190	2.5
8191	2.5
8192	2.5
8208	1.271
8209	1.705
8210	1.650
8211	2.143
8212	2.490
8213	2.178
8214	1.353
8215	1.216
8216	1.185
8217	1.256
8218	1.154
8219	1.142
8220	1.377
8221	1.537
8222	1.631
8223	1.373
8224	1.330
8225	1.392
8226	1.162
8227	1.287
8228	1.275
8229	1.209
8230	1.244
8231	1.216
8232	1.299
8233	1.549
8234	1.510
8235	1.338
8236	1.220
8237	1.674
8238	2.401
8239	2.5
8240	2.037
8241	1.814
8242	1.717
8243	1.724
8244	1.572
8245	1.646
8246	2.444
8247	2.053
8248	2.111
8249	1.576
8250	1.506
8251	1.338
8252	1.427
8253	1.603
8254	1.787
8255	1.486
8256	1.631
8257	1.588
8258	1.322
8259	1.142
8260	1.091
8261	1.228
8262	2.5
8263	1.553
8264	1.357
8265	1.678
8266	2.115
8267	2.5
8268	1.533
8269	2.5
8270	2.5
8271	2.5
8272	2.5
8273	2.5
8274	2.5
8275	2.150
8276	2.5
8277	2.5
8278	2.385
8279	2.5
8280	2.5
8281	2.5
8282	2.5
8283	2.361
8284	2.428
8285	2.5
8286	2.5
8287	2.5
8288	2.5
8289	2.5
8290	2.5
8307	1.721
8308	2.053
8309	2.107
8310	2.252
8311	2.217
8312	1.447
8313	1.201
8314	1.244
8315	1.263
8316	1.146
8317	1.173
8318	1.228
8319	1.201
8320	1.252
8321	1.334
8322	1.271
8323	1.131
8324	1.177
8325	1.170
8326	1.111
8327	1.131
8328	1.213
8329	1.193
8330	1.205
8331	1.357
8332	1.728
8333	1.623
8334	1.416
8335	1.623
8336	1.799
8337	2.127
8338	1.967
8339	1.654
8340	1.963
8341	2.127
8342	1.498
8343	1.556
8344	1.443
8345	1.502
8346	1.494
8347	1.580
8348	1.885
8349	1.588
8350	1.388
8351	1.658
8352	1.682
8353	1.521
8354	1.220
8355	1.177
8356	1.095
8357	1.197
8358	1.142
8359	1.302
8360	1.682
8361	1.197
8362	1.979
8363	1.814
8364	2.338
8365	2.143
8366	1.787
8367	2.5
8368	2.5
8369	2.5
8370	2.5
8371	2.5
8372	2.143
8373	2.346
8374	2.279
8375	2.5
8376	2.268
8377	2.061
8378	2.5
8379	2.5
8380	2.295
8381	2.5
8382	2.5
8383	2.291
8384	2.5
8385	2.479
8386	2.5
8387	2.5
8388	2.5
8405	1.818
8406	2.291
8407	2.268
8408	2.295
8409	2.291
8410	1.873
8411	1.197
8412	1.134
8413	1.259
8414	1.435
8415	1.248
8416	1.119
8417	1.209
8418	1.299
8419	1.271
8420	1.345
8421	1.189
8422	1.177
8423	1.158
8424	1.439
8425	1.232
8426	1.111
8427	1.154
8428	1.189
8429	1.353
8430	1.467
8431	1.576
8432	1.853
8433	1.525
8434	1.517
8435	1.850
8436	1.810
8437	2.014
8438	2.471
8439	2.373
8440	1.658
8441	1.228
8442	1.748
8443	1.943
8444	1.482
8445	1.486
8446	1.717
8447	1.658
8448	1.259
8449	1.259
8450	1.373
8451	1.385
8452	1.267
8453	1.134
8454	1.056
8455	1.091
8456	1.181
8457	1.361
8458	2.182
8459	1.955
8460	1.838
8461	2.393
8462	2.5
8463	2.455
8464	2.381
8465	2.5
8466	2.5
8467	2.5
8468	2.5
8469	2.5
8470	2.5
8471	2.5
8472	2.5
8473	2.5
8474	2.5
8475	2.5
8476	2.5
8477	2.5
8478	2.404
8479	2.5
8480	2.5
8481	2.5
8482	2.315
8483	2.287
8484	2.229
8485	2.5
8486	2.5
8504	1.459
8505	1.951
8506	2.416
8507	1.916
8508	1.732
8509	1.220
8510	1.252
8511	1.209
8512	1.494
8513	1.334
8514	1.209
8515	1.162
8516	1.166
8517	1.201
8518	1.216
8519	1.185
8520	1.232
8521	1.131
8522	1.357
8523	1.306
8524	1.267
8525	1.240
8526	1.244
8527	1.158
8528	1.224
8529	1.232
8530	1.291
8531	1.228
8532	1.287
8533	1.271
8534	1.545
8535	1.799
8536	1.975
8537	2.139
8538	2.178
8539	1.639
8540	2.049
8541	1.932
8542	2.092
8543	1.799
8544	1.459
8545	1.385
8546	1.721
8547	1.932
8548	1.756
8549	1.459
8550	1.760
8551	1.295
8552	1.131
8553	1.131
8554	1.283
8555	1.314
8556	2.5
8557	2.5
8558	2.100
8559	2.334
8560	2.5
8561	2.5
8562	2.5
8563	2.5
8564	2.5
8565	2.5
8566	2.5
8567	2.5
8568	2.5
8569	2.5
8570	2.5
8571	2.5
8572	2.5
8573	2.5
8574	2.5
8575	2.5
8576	2.5
8577	2.154
8578	2.5
8579	1.986
8580	1.982
8581	2.100
8582	2.463
8583	2.467
8584	2.5
8603	1.834
8604	2.080
8605	2.260
8606	1.760
8607	1.318
8608	1.279
8609	1.232
8610	1.263
8611	1.345
8612	1.252
8613	1.205
8614	1.322
8615	1.283
8616	1.185
8617	1.205
8618	1.173
8619	1.369
8620	1.295
8621	1.424
8622	1.256
8623	1.177
8624	1.197
8625	1.127
8626	1.275
8627	1.287
8628	1.236
8629	1.205
8630	1.271
8631	1.302
8632	1.385
8633	1.463
8634	1.713
8635	1.924
8636	2.170
8637	2.158
8638	1.912
8639	1.939
8640	1.615
8641	1.576
8642	1.349
8643	1.596
8644	1.463
8645	1.216
8646	1.275
8647	1.338
8648	1.302
8649	1.244
8650	1.076
8651	1.150
8652	1.154
8653	1.263
8654	2.5
8655	2.5
8656	2.5
8657	2.182
8658	2.5
8659	2.5
8660	2.5
8661	2.5
8662	2.5
8663	2.276
8664	2.5
8665	2.5
8666	2.5
8667	2.5
8668	2.5
8669	2.5
8670	2.5
8671	2.5
8672	2.5
8673	2.5
8674	2.5
8675	2.5
8676	2.5
8677	1.814
8678	1.756
8679	2.057
8680	2.334
8681	2.123
8682	2.5
8701	1.865
8702	2.233
8703	1.807
8704	1.623
8705	1.752
8706	1.635
8707	1.318
8708	1.349
8709	1.256
8710	1.283
8711	1.166
8712	1.220
8713	1.267
8714	1.295
8715	1.369
8716	1.431
8717	1.377
8718	1.259
8719	1.330
8720	1.170
8721	1.138
8722	1.158
8723	1.158
8724	1.213
8725	1.209
8726	1.306
8727	1.236
8728	1.193
8729	1.201
8730	1.435
8731	1.494
8732	1.369
8733	1.482
8734	1.904
8735	2.193
8736	1.916
8737	1.724
8738	1.424
8739	1.478
8740	1.342
8741	1.982
8742	1.756
8743	1.986
8744	1.920
8745	1.377
8746	1.173
8747	1.131
8748	1.119
8749	1.123
8750	1.103
8751	1.099
8752	1.494
8753	2.5
8754	2.5
8755	1.912
8756	2.5
8757	2.5
8758	2.5
8759	2.5
8760	2.5
8761	2.5
8762	2.5
8763	2.5
8764	2.5
8765	2.5
8766	2.5
8767	2.5
8768	2.5
8769	2.5
8770	2.5
8771	2.5
8772	2.5
8773	2.5
8774	2.5
8775	2.5
8776	1.947
8777	1.908
8778	2.272
8779	2.272
8780	2.5
8798	2.330
8799	1.853
8800	1.670
8801	1.767
8802	1.732
8803	1.467
8804	1.193
8805	1.173
8806	1.119
8807	1.299
8808	1.271
8809	1.162
8810	1.154
8811	1.216
8812	1.306
8813	1.271
8814	1.267
8815	1.213
8816	1.103
8817	1.099
8818	1.138
8819	1.197
8820	1.162
8821	1.209
8822	1.131
8823	1.142
8824	1.232
8825	1.271
8826	1.213
8827	1.271
8828	1.349
8829	1.412
8830	1.576
8831	2.088
8832	1.740
8833	1.369
8834	1.349
8835	1.592
8836	1.564
8837	1.611
8838	1.893
8839	1.353
8840	1.189
8841	1.134
8842	1.119
8843	1.209
8844	1.134
8845	1.076
8846	1.095
8847	1.088
8848	1.080
8849	1.752
8850	2.5
8851	1.631
8852	2.5
8853	2.5
8854	2.5
8855	2.5
8856	2.5
8857	2.5
8858	2.5
8859	2.5
8860	2.5
8861	2.5
8862	2.5
8863	2.5
8864	2.5
8865	2.5
8866	2.498
8867	2.233
8868	2.5
8869	2.5
8870	2.5
8871	2.5
8872	2.5
8873	2.369
8874	2.229
8875	2.213
8876	1.904
8894	1.975
8895	1.607
8896	1.908
8897	2.049
8898	1.916
8899	1.873
8900	1.185
8901	1.103
8902	1.181
8903	1.162
8904	1.150
8905	1.162
8906	1.209
8907	1.244
8908	1.318
8909	1.345
8910	1.259
8911	1.170
8912	1.154
8913	1.170
8914	1.146
8915	1.197
8916	1.134
8917	1.177
8918	1.189
8919	1.236
8920	1.201
8921	1.173
8922	1.131
8923	1.181
8924	1.158
8925	1.244
8926	1.388
8927	1.470
8928	1.263
8929	1.150
8930	1.267
8931	1.412
8932	1.248
8933	1.146
8934	1.154
8935	1.142
8936	1.177
8937	1.142
8938	1.103
8939	1.123
8940	1.134
8941	1.216
8942	1.103
8943	1.177
8944	1.138
8945	1.314
8946	2.5
8947	1.435
8948	2.5
8949	2.5
8950	2.5
8951	1.857
8952	1.107
8953	1.146
8954	1.810
8955	2.5
8956	2.5
8957	2.5
8958	2.5
8959	2.5
8960	2.5
8961	2.5
8962	1.826
8963	1.814
8964	1.611
8965	1.486
8966	2.440
8967	2.5
8968	2.5
8969	2.311
8970	2.424
8971	2.5
8972	2.5
8991	1.998
8992	2.006
8993	2.100
8994	1.494
8995	1.795
8996	1.502
8997	1.166
8998	1.119
8999	1.162
9000	1.197
9001	1.185
9002	1.150
9003	1.134
9004	1.189
9005	1.256
9006	1.134
9007	1.154
9008	1.177
9009	1.107
9010	1.138
9011	1.134
9012	1.134
9013	1.150
9014	1.166
9015	1.131
9016	1.166
9017	1.150
9018	1.134
9019	1.123
9020	1.119
9021	1.146
9022	1.220
9023	1.123
9024	1.131
9025	1.138
9026	1.259
9027	1.189
9028	1.099
9029	1.119
9030	1.154
9031	1.111
9032	1.173
9033	1.127
9034	1.111
9035	1.205
9036	1.209
9037	1.213
9038	1.193
9039	1.088
9040	1.099
9041	1.084
9042	1.236
9043	1.228
9044	2.166
9045	1.682
9046	1.318
9047	1.115
9048	1.158
9049	1.154
9050	1.088
9051	1.119
9052	1.990
9053	2.5
9054	2.5
9055	2.5
9056	2.5
9057	2.5
9058	1.947
9059	2.326
9060	2.455
9061	2.412
9062	1.846
9063	1.674
9064	2.475
9065	2.5
9066	2.029
9067	2.213
9068	2.5
9069	2.5
9070	2.5
9090	2.338
9091	2.385
9092	1.947
9093	2.139
9094	1.736
9095	1.279
9096	1.115
9097	1.173
9098	1.166
9099	1.138
9100	1.111
9101	1.193
9102	1.181
9103	1.185
9104	1.146
9105	1.099
9106	1.115
9107	1.134
9108	1.115
9109	1.189
9110	1.193
9111	1.170
9112	1.173
9113	1.134
9114	1.142
9115	1.154
9116	1.111
9117	1.088
9118	1.088
9119	1.107
9120	1.127
9121	1.111
9122	1.115
9123	1.119
9124	1.119
9125	1.173
9126	1.107
9127	1.095
9128	1.115
9129	1.076
9130	1.056
9131	1.064
9132	1.084
9133	1.459
9134	1.467
9135	1.142
9136	1.048
9137	1.072
9138	1.068
9139	1.084
9140	1.123
9141	1.173
9142	1.189
9143	1.248
9144	1.127
9145	1.127
9146	1.127
9147	1.088
9148	1.068
9149	1.072
9150	1.138
9151	1.990
9152	2.5
9153	1.459
9154	2.5
9155	2.5
9156	2.5
9157	2.346
9158	1.877
9159	1.826
9160	2.193
9161	2.5
9162	2.5
9163	2.5
9164	2.186
9165	2.5
9166	2.5
9167	2.5
9168	2.5
9186	2.147
9187	2.111
9188	1.791
9189	1.427
9190	1.248
9191	1.091
9192	1.084
9193	1.185
9194	1.146
9195	1.095
9196	1.115
9197	1.123
9198	1.115
9199	1.240
9200	1.209
9201	1.142
9202	1.076
9203	1.084
9204	1.084
9205	1.134
9206	1.162
9207	1.127
9208	1.146
9209	1.197
9210	1.170
9211	1.115
9212	1.107
9213	1.088
9214	1.084
9215	1.131
9216	1.158
9217	1.107
9218	1.095
9219	1.115
9220	1.111
9221	1.177
9222	1.115
9223	1.080
9224	1.064
9225	1.080
9226	1.084
9227	1.123
9228	1.158
9229	1.220
9230	1.252
9231	1.111
9232	1.048
9233	1.076
9234	1.064
9235	1.052
9236	1.084
9237	1.119
9238	1.244
9239	1.123
9240	1.131
9241	1.166
9242	1.134
9243	1.103
9244	1.080
9245	1.111
9246	1.162
9247	2.5
9248	1.631
9249	1.994
9250	1.236
9251	1.263
9252	2.5
9253	2.5
9254	2.381
9255	2.5
9256	2.5
9257	2.5
9258	2.5
9259	2.365
9260	2.5
9261	2.5
9262	2.5
9263	2.5
9264	2.5
9283	2.240
9284	1.713
9285	1.275
9286	1.193
9287	1.072
9288	1.099
9289	1.131
9290	1.123
9291	1.138
9292	1.091
9293	1.127
9294	1.224
9295	1.166
9296	1.209
9297	1.131
9298	1.107
9299	1.115
9300	1.123
9301	1.099
9302	1.111
9303	1.095
9304	1.091
9305	1.236
9306	1.142
9307	1.158
9308	1.181
9309	1.111
9310	1.111
9311	1.127
9312	1.091
9313	1.119
9314	1.095
9315	1.099
9316	1.131
9317	1.154
9318	1.244
9319	1.166
9320	1.076
9321	1.091
9322	1.115
9323	1.134
9324	1.088
9325	1.154
9326	1.166
9327	1.095
9328	1.045
9329	1.068
9330	1.072
9331	1.045
9332	1.060
9333	1.068
9334	1.205
9335	1.201
9336	1.072
9337	1.060
9338	1.088
9339	1.142
9340	1.080
9341	1.119
9342	1.142
9343	1.576
9344	1.115
9345	1.189
9346	1.091
9347	1.306
9348	1.693
9349	2.5
9350	2.498
9351	1.924
9352	2.111
9353	2.307
9354	2.279
9355	2.494
9356	2.358
9357	2.444
9358	2.5
9359	2.5
9360	2.5
9380	1.596
9381	1.189
9382	1.076
9383	1.091
9384	1.107
9385	1.138
9386	1.173
9387	1.115
9388	1.154
9389	1.123
9390	1.111
9391	1.173
9392	1.166
9393	1.111
9394	1.123
9395	1.158
9396	1.091
9397	1.088
9398	1.154
9399	1.220
9400	1.134
9401	1.216
9402	1.088
9403	1.119
9404	1.138
9405	1.146
9406	1.134
9407	1.123
9408	1.111
9409	1.162
9410	1.154
9411	1.138
9412	1.189
9413	1.263
9414	1.150
9415	1.131
9416	1.099
9417	1.088
9418	1.166
9419	1.127
9420	1.142
9421	1.131
9422	1.138
9423	1.052
9424	1.330
9425	1.416
9426	1.291
9427	1.076
9428	1.076
9429	1.123
9430	1.181
9431	1.158
9432	1.209
9433	1.056
9434	1.064
9435	1.119
9436	1.107
9437	1.091
9438	1.170
9439	1.127
9440	1.045
9441	1.045
9442	1.045
9443	1.275
9444	1.752
9445	2.115
9446	1.916
9447	2.135
9448	2.451
9449	2.150
9450	2.424
9451	2.5
9452	2.037
9453	2.217
9454	2.5
9455	2.5
9456	2.5
9477	1.084
9478	1.154
9479	1.123
9480	1.197
9481	1.256
9482	1.259
9483	1.107
9484	1.177
9485	1.162
9486	1.150
9487	1.123
9488	1.134
9489	1.099
9490	1.084
9491	1.099
9492	1.119
9493	1.095
9494	1.115
9495	1.181
9496	1.127
9497	1.181
9498	1.060
9499	1.095
9500	1.134
9501	1.119
9502	1.127
9503	1.138
9504	1.091
9505	1.068
9506	1.154
9507	1.131
9508	1.291
9509	1.322
9510	1.295
9511	1.091
9512	1.056
9513	1.064
9514	1.154
9515	1.154
9516	1.162
9517	1.173
9518	1.064
9519	1.068
9520	1.467
9521	1.533
9522	1.365
9523	1.048
9524	1.064
9525	1.107
9526	1.291
9527	1.279
9528	1.302
9529	1.111
9530	1.150
9531	1.154
9532	1.166
9533	1.080
9534	1.060
9535	1.045
9536	1.045
9537	1.045
9538	1.045
9539	1.111
9540	1.463
9541	2.5
9542	2.178
9543	2.014
9544	1.951
9545	2.045
9546	2.412
9547	2.150
9548	2.014
9549	2.5
9550	2.5
9551	1.963
9552	2.401
9579	1.138
9580	1.131
9581	1.131
9582	1.236
9583	1.162
9584	1.119
9585	1.076
9586	1.115
9587	1.150
9588	1.131
9589	1.158
9590	1.068
9591	1.131
9592	1.088
9593	1.072
9594	1.154
9595	1.177
9596	1.185
9597	1.166
9598	1.201
9599	1.197
9600	1.150
9601	1.142
9602	1.134
9603	1.154
9604	1.220
9605	1.232
9606	1.256
9607	1.291
9608	1.138
9609	1.099
9610	1.134
9611	1.107
9612	1.162
9613	1.271
9614	1.134
9615	1.185
9616	1.533
9617	1.490
9618	1.334
9619	1.131
9620	1.138
9621	1.099
9622	1.064
9623	1.170
9624	1.189
9625	1.103
9626	1.224
9627	1.283
9628	1.197
9629	1.045
9630	1.045
9631	1.045
9632	1.068
9633	1.072
9634	1.045
9635	1.045
9636	1.228
9637	1.611
9638	1.803
9639	1.623
9640	2.107
9641	1.955
9642	1.947
9643	1.924
9644	1.928
9645	2.002
9646	2.5
9647	2.287
9648	1.979
9682	1.099
9683	1.111
9684	1.162
9685	1.111
9686	1.099
9687	1.181
9688	1.224
9689	1.115
9690	1.115
9691	1.138
9692	1.236
9693	1.197
9694	1.197
9695	1.240
9696	1.259
9697	1.283
9698	1.252
9699	1.173
9700	1.252
9701	1.252
9702	1.220
9703	1.287
9704	1.240
9705	1.119
9706	1.095
9707	1.099
9708	1.162
9709	1.490
9710	1.259
9711	1.381
9712	1.533
9713	1.533
9714	1.447
9715	1.373
9716	1.154
9717	1.080
9718	1.076
9719	1.060
9720	1.115
9721	1.068
9722	1.244
9723	1.369
9724	1.994
9725	1.838
9726	1.646
9727	1.103
9728	1.275
9729	1.080
9730	1.045
9731	1.045
9732	1.045
9733	1.076
9734	1.529
9735	2.084
9736	2.092
9737	2.084
9738	2.5
9739	1.857
9740	1.732
9741	1.842
9742	2.322
9743	2.037
9744	2.5
9783	1.162
9784	1.154
9785	1.181
9786	1.134
9787	1.185
9788	1.224
9789	1.256
9790	1.232
9791	1.201
9792	1.158
9793	1.189
9794	1.201
9795	1.232
9796	1.306
9797	1.267
9798	1.173
9799	1.131
9800	1.099
9801	1.103
9802	1.185
9803	1.529
9804	1.510
9805	1.498
9806	1.529
9807	1.490
9808	1.295
9809	1.279
9810	1.150
9811	1.064
9812	1.076
9813	1.080
9814	1.111
9815	1.115
9816	1.177
9817	1.287
9818	1.873
9819	2.248
9820	2.5
9821	2.358
9822	1.068
9823	1.045
9824	1.045
9825	1.045
9826	1.045
9827	1.045
9828	1.045
9829	1.295
9830	1.318
9831	1.381
9832	2.5
9833	2.201
9834	1.580
9835	1.850
9836	2.006
9837	2.5
9838	2.5
9839	2.5
9840	2.5